('192.168.0.50', 55555)
15141100,47.7044909254065104,-122.1218821984379304,50.3169868659977482,20,33,10,4
15141200,47.7044909214034263,-122.1218822013847074,50.3170225359820336,20,33,10,4
15141300,47.7044909155492007,-122.1218822028830004,50.3153209541104616,21,33,10,4
15141400,47.7044908680042710,-122.1218821937532368,50.2945736345039407,18,30,10,4
15141500,47.7044908931787859,-122.1218822133091209,50.2977546617324265,18,30,10,4
15141600,47.7044908865344297,-122.1218822124385781,50.2984249215239032,19,30,10,4
15141700,47.7044908784387260,-122.1218822015754881,50.2972133674178821,19,30,10,4
15141800,47.7044908985580705,-122.1218822208973052,50.2991205499215255,19,30,10,4
15141900,47.7044908691945153,-122.1218822040527385,50.2975191571364846,19,31,10,4
15142000,47.7044908976771680,-122.1218822181246964,50.2977856196505613,19,31,10,4
15142100,47.7044909018315764,-122.1218822076120603,50.3021521737301711,19,31,10,4
15142200,47.7044908938560184,-122.1218822095595726,50.2993632001362627,19,31,10,4
15142300,47.7044909035702815,-122.1218822222608225,50.3035446444333374,19,31,10,4
15142400,47.7044908861816452,-122.1218822060622387,50.3017733699519596,20,32,10,4
15142500,47.7044908865750443,-122.1218822082465607,50.2991164607782224,20,32,10,4
15142600,47.7044908865786397,-122.1218822048551971,50.2988064504633030,20,32,10,4
15142700,47.7044908782479880,-122.1218821925009621,50.2972076467706515,20,32,10,4
15142800,47.7044908734862858,-122.1218821982087803,50.2983854490565960,20,32,10,4
15142900,47.7044908836208066,-122.1218822030920990,50.3011780947492255,20,33,10,4
15143000,47.7044908823866720,-122.1218821892824451,50.3017784894641764,20,33,10,4
15143100,47.7044908834372947,-122.1218822026941240,50.3005602246637693,20,33,10,4
15143200,47.7044908896987891,-122.1218821977740134,50.3023946829881652,20,33,10,4
15143300,47.7044908863194479,-122.1218822171823177,50.3029798984916070,21,33,10,4
15143400,47.7044908397650786,-122.1218822395211561,50.2942091839107661,18,30,10,4
15143500,47.7044908278886055,-122.1218822341740662,50.2956493172852319,19,30,10,4
15143600,47.7044908270783239,-122.1218822270236188,50.2949210254415391,19,30,10,4
15143700,47.7044908420205331,-122.1218822365269858,50.2980157796530847,19,30,10,4
15143800,47.7044908271685486,-122.1218822365882488,50.2964558624032847,19,30,10,4
15143900,47.7044908033976469,-122.1218822141395748,50.2909773687115305,19,31,10,4
15144000,47.7044908254337940,-122.1218822283235710,50.2978422557490887,19,31,10,4
15144100,47.7044908487845376,-122.1218822451707382,50.2997723848114404,19,31,10,4
15144200,47.7044908188068248,-122.1218822183728605,50.2977084374441290,19,31,10,4
15144300,47.7044908293057901,-122.1218822303753342,50.2988747819944351,19,31,10,4
15144400,47.7044908176751079,-122.1218822210925481,50.2993129030953199,20,32,10,4
15144500,47.7044908285900320,-122.1218822335420668,50.3020251938154033,20,32,10,4
15144600,47.7044908134337717,-122.1218822196641725,50.2980060793755754,20,32,10,4
15144700,47.7044907934169871,-122.1218822145110607,50.2973147721662315,20,32,10,4
15144800,47.7044908191680790,-122.1218822302232070,50.3025330124783707,20,32,10,4
15144900,47.7044908204415208,-122.1218822304876710,50.3024841123573481,20,33,10,4
15145000,47.7044908181942944,-122.1218822117046869,50.3017076539561572,20,33,10,4
15145100,47.7044908257690992,-122.1218822325610631,50.3052382056230769,20,33,10,4
15145200,47.7044907978668533,-122.1218822118650849,50.3004302258572338,20,33,10,4
15145300,47.7044908234986451,-122.1218822215598863,50.3055382321940030,21,33,10,4
15145400,47.7044908117936188,-122.1218821808838868,50.2940771217483586,18,30,10,4
15145500,47.7044908200162112,-122.1218821790319424,50.2957011233611269,19,30,10,4
15145600,47.7044908342575056,-122.1218821955349796,50.2979138736930480,19,30,10,4
15145700,47.7044908067702735,-122.1218821685590683,50.2930804909652096,19,30,10,4
15145800,47.7044908326642982,-122.1218821796213376,50.2974984504111688,19,30,10,4
15145900,47.7044908096066109,-122.1218821614878038,50.2950143566833958,19,31,10,4
15146000,47.7044908179530722,-122.1218821633377587,50.2948455577719571,19,31,10,4
15146100,47.7044908111824313,-122.1218821839484718,50.2969827358742947,19,31,10,4
15146200,47.7044908205121914,-122.1218821660286693,50.2962972359749969,19,31,10,4
15146300,47.7044908334127840,-122.1218821723243337,50.2988013281680750,19,31,10,4
15146400,47.7044908161886028,-122.1218821569990922,50.2968802655831198,20,32,10,4
15146500,47.7044908236307919,-122.1218821568432560,50.2980958794497752,20,32,10,4
15146600,47.7044908173470432,-122.1218821639454006,50.2990233730449248,20,32,10,4
15146700,47.7044908344661067,-122.1218821575767350,50.2982555797420403,20,32,10,4
15146800,47.7044908214215013,-122.1218821374868782,50.2979409806813749,20,32,10,4
15146900,47.7044908097768285,-122.1218821434292749,50.2970028777275076,20,33,10,4
15147000,47.7044908252987625,-122.1218821470824309,50.2996486768842672,20,33,10,4
15147100,47.7044908528291671,-122.1218821532860943,50.3032142577224093,20,33,10,4
15147200,47.7044908335598734,-122.1218821390635725,50.3006066197586392,20,33,10,4
15147300,47.7044908279409512,-122.1218821308944342,50.3019597892474266,21,33,10,4
15147400,47.7044908163945749,-122.1218821405386592,50.2911381398770700,18,30,10,4
15147500,47.7044908451675056,-122.1218821468590789,50.2936644709064282,19,30,10,4
15147600,47.7044908587754151,-122.1218821367315286,50.2943268798132550,19,30,10,4
15147700,47.7044908455291790,-122.1218821440976541,50.2944364624540441,19,30,10,4
15147800,47.7044908603290949,-122.1218821611518308,50.2972048521226966,19,30,10,4
15147900,47.7044908379750936,-122.1218821400250363,50.2959132203679573,19,31,10,4
15148000,47.7044908585872847,-122.1218821410727884,50.2975932312783769,19,31,10,4
15148100,47.7044908596845545,-122.1218821552224654,50.2996732424054898,19,31,10,4
15148200,47.7044908784183619,-122.1218821590340724,50.3018714071371065,19,31,10,4
15148300,47.7044908624013786,-122.1218821552035791,50.3019518835809620,19,31,10,4
15148400,47.7044908602301234,-122.1218821601030697,50.3032781176939281,20,32,10,4
15148500,47.7044908713140785,-122.1218821575504307,50.3028250060352633,20,32,10,4
15148600,47.7044908887162578,-122.1218821615735806,50.3050759974830655,20,32,10,4
15148700,47.7044908730997719,-122.1218821536398735,50.3050174794462990,20,32,10,4
15148800,47.7044908568961930,-122.1218821403559360,50.3024159446888603,20,32,10,4
15148900,47.7044908610195222,-122.1218821568162554,50.3071226394786208,20,33,10,4
15149000,47.7044908628994833,-122.1218821678836122,50.3061102663137802,20,33,10,4
15149100,47.7044908747303396,-122.1218821811615243,50.3089291143863093,20,33,10,4
15149200,47.7044908531131640,-122.1218821461352917,50.3050932999941693,21,33,10,4
15149300,47.7044908697956913,-122.1218821582511680,50.3086224425930268,21,33,10,4
15149400,47.7044908465645037,-122.1218821944917323,50.2985599067827778,18,30,10,4
15149500,47.7044908296232251,-122.1218821929249145,50.2973634211560920,19,30,10,4
15149600,47.7044908512236177,-122.1218821966575092,50.3011768647032227,19,30,10,4
15149700,47.7044908504498295,-122.1218822008413838,50.3002233959119991,19,30,10,4
15149800,47.7044908371734948,-122.1218822062428870,50.3011927777296819,19,30,10,4
15149900,47.7044908569259007,-122.1218822230419221,50.3039941826892445,19,31,10,4
15150000,47.7044908703264099,-122.1218822238573551,50.3040968261259707,19,31,10,4
15150100,47.7044908487325969,-122.1218822140252769,50.3017945301201550,19,31,10,4
15150200,47.7044908824958753,-122.1218822301008657,50.3063657106072952,19,31,10,4
15150300,47.7044908744391876,-122.1218822524339629,50.3072306190288074,19,31,10,4
15150400,47.7044908670133410,-122.1218822373736970,50.3067565904586544,20,32,10,4
15150500,47.7044908780008754,-122.1218822427548361,50.3078053153027795,20,32,10,4
15150600,47.7044908739395339,-122.1218822463823557,50.3065701274216224,20,32,10,4
15150700,47.7044908912215888,-122.1218822557132881,50.3110965090029936,20,32,10,4
15150800,47.7044908873065907,-122.1218822515929361,50.3104798359728491,20,32,10,4
15150900,47.7044908975695705,-122.1218822700385118,50.3110783165076043,20,33,10,4
15151000,47.7044908969026196,-122.1218822625679650,50.3119939409806065,20,33,10,4
15151100,47.7044908820721574,-122.1218822735178549,50.3119104680487936,20,33,10,4
15151200,47.7044908980985554,-122.1218822832352089,50.3151454689468807,21,33,10,4
15151300,47.7044908984324465,-122.1218822857588151,50.3154170053454521,21,33,10,4
15151400,47.7044908641905252,-122.1218823032832859,50.3025339136783387,18,29,10,4
15151500,47.7044908927359756,-122.1218823099986110,50.3062109209823802,19,30,10,4
15151600,47.7044908857808920,-122.1218823164489038,50.3052746128709813,19,30,10,4
15151700,47.7044909079380943,-122.1218823336927528,50.3087178339333150,19,30,10,4
15151800,47.7044909048541825,-122.1218823336491113,50.3086647143598498,19,30,10,4
15151900,47.7044909162862609,-122.1218823496063663,50.3097259813869400,19,31,10,4
15152000,47.7044909176578642,-122.1218823419608270,50.3105931623919247,19,31,10,4
15152100,47.7044909376519612,-122.1218823580500015,50.3128357845926644,19,31,10,4
15152200,47.7044909187027031,-122.1218823464478902,50.3108941408941135,19,31,10,4
15152300,47.7044909431184081,-122.1218823580113764,50.3133105018607054,19,31,10,4
15152400,47.7044909405699471,-122.1218823679222822,50.3144405373023460,20,32,10,4
15152500,47.7044909526904632,-122.1218823612306039,50.3131458138139678,20,32,10,4
15152600,47.7044909565595887,-122.1218823734318306,50.3163418596198824,20,32,10,4
15152700,47.7044909527823933,-122.1218823616850386,50.3144692142889625,20,32,10,4
15152800,47.7044909412218701,-122.1218823644212677,50.3135583925918652,20,32,10,4
15152900,47.7044909544284295,-122.1218823620776703,50.3142099181897819,20,33,10,4
15153000,47.7044909578814611,-122.1218823627283143,50.3144310445302239,20,33,10,4
15153100,47.7044909945195315,-122.1218823867053231,50.3210309088178107,20,33,10,4
15153200,47.7044909638959851,-122.1218823614481011,50.3148314454021772,21,33,10,4
15153300,47.7044909942377373,-122.1218823834306733,50.3190333591615087,21,33,10,4
15153400,47.7044909927996059,-122.1218823857803386,50.3207861978422812,21,34,10,4
15153500,47.7044909806454527,-122.1218823889000333,50.3193014813451143,21,34,10,4
15153600,47.7044909992208588,-122.1218823775191140,50.3194732185006188,21,34,10,4
15153700,47.7044909450897663,-122.1218822820214172,50.3003828738087577,19,30,10,4
15153800,47.7044909493211904,-122.1218822821101924,50.3017381357315116,19,30,10,4
15153900,47.7044909324754087,-122.1218822715999579,50.2973117873806999,19,31,10,4
15154000,47.7044909566648769,-122.1218822762413794,50.3015494148645246,19,31,10,4
15154100,47.7044909591332456,-122.1218822999177860,50.3032344966311484,19,31,10,4
15154200,47.7044909344665129,-122.1218822768840511,50.2993542660539958,19,31,10,4
15154300,47.7044909532851023,-122.1218822792277194,50.3021528885567903,20,31,10,4
15154400,47.7044909437119173,-122.1218822634036627,50.2999649197373273,20,32,10,4
15154500,47.7044909717316088,-122.1218822791904159,50.3039922352946931,20,32,10,4
15154600,47.7044909712176519,-122.1218822763135563,50.3018980308583679,20,32,10,4
15154700,47.7044909779437347,-122.1218822856148307,50.3062258083246761,20,32,10,4
15154800,47.7044909760503089,-122.1218822949686853,50.3049956840949122,20,32,10,4
15154900,47.7044909772116981,-122.1218822844784313,50.3053718943629704,20,33,10,4
15155000,47.7044909695816699,-122.1218822760980913,50.3033858087608223,20,33,10,4
15155100,47.7044909797577077,-122.1218822848833980,50.3048568011000583,20,33,10,4
15155200,47.7044909762449905,-122.1218822753921387,50.3053454128797028,21,33,10,4
15155300,47.7044909875774650,-122.1218822773532651,50.3076224365529328,21,33,10,4
15155400,47.7044910005336149,-122.1218822728307316,50.3075368544106851,21,34,10,4
15155500,47.7044909812051756,-122.1218822726901152,50.3087873292402179,21,34,10,4
15155600,47.7044908816841797,-122.1218821893295114,50.2888151406402244,19,30,10,4
15155700,47.7044908885661201,-122.1218821937314516,50.2927812760302260,19,30,10,4
15155800,47.7044909148234950,-122.1218822148072292,50.2966225748893621,19,30,10,4
15155900,47.7044909162441755,-122.1218822091755953,50.2984505689914201,19,31,10,4
15156000,47.7044909344422621,-122.1218822173891283,50.3015161446713819,19,31,10,4
15156100,47.7044909077506532,-122.1218822083872482,50.3001449639833567,19,31,10,4
15156200,47.7044909039524470,-122.1218822010412026,50.2984130301374606,19,31,10,4
15156300,47.7044909060822278,-122.1218822107997255,50.3010553369809017,20,31,10,4
15156400,47.7044909091532929,-122.1218822058895199,50.3014347920408724,20,32,10,4
15156500,47.7044909122662872,-122.1218822015062244,50.3020953766685039,20,32,10,4
15156600,47.7044908746858809,-122.1218821883644097,50.2979257203470169,20,32,10,4
15156700,47.7044908907944460,-122.1218821991103738,50.3017674051431030,20,32,10,4
15156800,47.7044909136164961,-122.1218822032649456,50.3059290916880144,20,32,10,4
15156900,47.7044909253477414,-122.1218822167285651,50.3065441837724592,20,33,10,4
15157000,47.7044909313707137,-122.1218822216964099,50.3116557098108430,20,33,10,4
15157100,47.7044909052311681,-122.1218822129942936,50.3066385117806831,20,33,10,4
15157200,47.7044908871897988,-122.1218821950382818,50.3047395837677414,21,33,10,4
15157300,47.7044909043810037,-122.1218822018977903,50.3074445773322125,21,33,10,4
15157400,47.7044909091486034,-122.1218822000557225,50.3092760860398585,21,34,10,4
15157500,47.7044908374252401,-122.1218821786618349,50.2970295403411995,19,30,10,4
15157600,47.7044908353162782,-122.1218821803759766,50.2958351759243314,19,30,10,4
15157700,47.7044908503603367,-122.1218821852003344,50.2987564429831764,19,30,10,4
15157800,47.7044908429444305,-122.1218821777732586,50.2984801627827025,19,30,10,4
15157900,47.7044908469467401,-122.1218821754011969,50.2981482146979317,19,31,10,4
15158000,47.7044908491600310,-122.1218821843849156,50.2997048000542151,19,31,10,4
15158100,47.7044908400608705,-122.1218821834740851,50.2971427412857608,19,31,10,4
15158200,47.7044908526431399,-122.1218821771265652,50.2985586551127710,19,31,10,4
15158300,47.7044908648621373,-122.1218821998308925,50.3023369167379997,20,31,10,4
15158400,47.7044908589112993,-122.1218821926993172,50.3017869453678728,20,32,10,4
15158500,47.7044908640347813,-122.1218821984190868,50.3025458519181967,20,32,10,4
15158600,47.7044908552576388,-122.1218822007767670,50.3011579539189952,20,32,10,4
15158700,47.7044908646787107,-122.1218822032848266,50.3043189661226364,20,32,10,4
15158800,47.7044908547842610,-122.1218822021688766,50.3022940187542815,20,32,10,4
15158900,47.7044908493973097,-122.1218821936008680,50.3003706730153866,20,33,10,4
15159000,47.7044908828501661,-122.1218822046979255,50.3048916625242981,20,33,10,4
15159100,47.7044908548035380,-122.1218822037335627,50.3026387901871530,20,33,10,4
15159200,47.7044908495527906,-122.1218822157406549,50.3021755953711533,21,33,10,4
15159300,47.7044908561037460,-122.1218822162666697,50.3038018166135572,21,33,10,4
15159400,47.7044908601407869,-122.1218822157722883,50.3025477005287982,21,34,10,4
15159500,47.7044908642851340,-122.1218822184391257,50.3032536338529255,21,34,10,4
15159600,47.7044908444986504,-122.1218822265908557,50.2874026460789949,19,30,10,4
15159700,47.7044908416225084,-122.1218822208202113,50.2865042849724944,19,30,10,4
15159800,47.7044908446131757,-122.1218822272078626,50.2859909941862000,19,30,10,4
15159900,47.7044908525657831,-122.1218822281536518,50.2877614041552761,19,31,10,4
15160000,47.7044908592462775,-122.1218822343112009,50.2859374878299263,19,31,10,4
15160100,47.7044908695025924,-122.1218822300869959,50.2879545932263667,19,31,10,4
15160200,47.7044908450482765,-122.1218822259584584,50.2876309703174940,19,31,10,4
15160300,47.7044908640350229,-122.1218822391709438,50.2875175482849102,20,31,10,4
15160400,47.7044908623687363,-122.1218822138230848,50.2868117381841770,20,32,10,4
15160500,47.7044908641108023,-122.1218822287065677,50.2885010656503155,20,32,10,4
15160600,47.7044908665346625,-122.1218822286856920,50.2895567468949096,20,32,10,4
15160700,47.7044908665871930,-122.1218822273897047,50.2880218618243191,20,32,10,4
15160800,47.7044908544152264,-122.1218822278124918,50.2856657025980098,20,32,10,4
15160900,47.7044908613110721,-122.1218822278329270,50.2864329019731642,20,33,10,4
15161000,47.7044908688122149,-122.1218822314428536,50.2859582611953115,20,33,10,4
15161100,47.7044908877858447,-122.1218822359549421,50.2881725735617664,20,33,10,4
15161200,47.7044908893417698,-122.1218822367394523,50.2894103827126244,21,33,10,4
15161300,47.7044908720103891,-122.1218822216632844,50.2873148353038033,21,33,10,4
15161400,47.7044908804196695,-122.1218822269291167,50.2863435248537698,21,34,10,4
15161500,47.7044908724275842,-122.1218822056099640,50.2788966906244852,19,30,10,4
15161600,47.7044908791453111,-122.1218822006151328,50.2796308234123330,19,30,10,4
15161700,47.7044909044191598,-122.1218822307024254,50.2821914084817934,19,30,10,4
15161800,47.7044908993315246,-122.1218822170471867,50.2813076540886712,19,30,10,4
15161900,47.7044908890576451,-122.1218822071204642,50.2808268832039076,19,31,10,4
15162000,47.7044909187012180,-122.1218822278865304,50.2846267855732094,19,31,10,4
15162100,47.7044909119488878,-122.1218822232474110,50.2836933612952137,19,31,10,4
15162200,47.7044909148697869,-122.1218822059363589,50.2826010894077058,19,31,10,4
15162300,47.7044909017958290,-122.1218822076540391,50.2813518342039103,20,31,10,4
15162400,47.7044909018518410,-122.1218822062939324,50.2821169104878933,20,32,10,4
15162500,47.7044908968740700,-122.1218821935365497,50.2793071763182269,20,32,10,4
15162600,47.7044909150941905,-122.1218821932778837,50.2791985207500929,20,32,10,4
15162700,47.7044909172782425,-122.1218822031637075,50.2823417305392368,20,32,10,4
15162800,47.7044909308950764,-122.1218822199805487,50.2858466646725475,20,32,10,4
15162900,47.7044909090266600,-122.1218821917346702,50.2798323803598706,20,33,10,4
15163000,47.7044909049230625,-122.1218821916053656,50.2788461001077636,20,33,10,4
15163100,47.7044909251669509,-122.1218822028085214,50.2816407392345184,20,33,10,4
15163200,47.7044909077543835,-122.1218821854830736,50.2780165396730894,21,33,10,4
15163300,47.7044909125327834,-122.1218821875443297,50.2797731597790829,21,33,10,4
15163400,47.7044909029723172,-122.1218821666475236,50.2784219828210723,18,29,10,4
15163500,47.7044908865985917,-122.1218821654589703,50.2779507563805623,19,30,10,4
15163600,47.7044908845235867,-122.1218821529785146,50.2757770259018812,19,30,10,4
15163700,47.7044908984407527,-122.1218821779758485,50.2784740230314924,19,30,10,4
15163800,47.7044909004525053,-122.1218821726091903,50.2793195005590690,19,30,10,4
15163900,47.7044908949959350,-122.1218821509868349,50.2773497501435074,19,31,10,4
15164000,47.7044908933150964,-122.1218821570783888,50.2779800627459039,19,31,10,4
15164100,47.7044908817258317,-122.1218821438069995,50.2735464605169895,19,31,10,4
15164200,47.7044908962843834,-122.1218821559828029,50.2778561927039789,19,31,10,4
15164300,47.7044909002757294,-122.1218821553226661,50.2789300245449127,20,31,10,4
15164400,47.7044908994206622,-122.1218821561648724,50.2783025481210615,20,32,10,4
15164500,47.7044909130798231,-122.1218821637750551,50.2797381152956433,20,32,10,4
15164600,47.7044908765192659,-122.1218821319553314,50.2751728666364954,20,32,10,4
15164700,47.7044908910066923,-122.1218821248902486,50.2768861264726397,20,32,10,4
15164800,47.7044908650956074,-122.1218821253360431,50.2726580689863312,20,32,10,4
15164900,47.7044908961817669,-122.1218821447250065,50.2769085730755805,20,33,10,4
15165000,47.7044908931232357,-122.1218821333376781,50.2783709548117628,20,33,10,4
15165100,47.7044909076747174,-122.1218821431858714,50.2780376415121992,20,33,10,4
15165200,47.7044908822144720,-122.1218821303984186,50.2773786909895080,21,33,10,4
15165300,47.7044908836780266,-122.1218821310708336,50.2769924264856698,21,33,10,4
15165400,47.7044909006099829,-122.1218821493226159,50.2815460173306903,21,34,10,4
15165500,47.7044908534142422,-122.1218821562959107,50.2755497229933823,19,30,10,4
15165600,47.7044908586091125,-122.1218821558997689,50.2761918444274016,19,30,10,4
15165700,47.7044908695130516,-122.1218821557290397,50.2785459470090572,19,30,10,4
15165800,47.7044908659359024,-122.1218821592652262,50.2797377910809971,19,30,10,4
15165900,47.7044908484618944,-122.1218821558382501,50.2780312840595940,19,31,10,4
15166000,47.7044908594828883,-122.1218821603042812,50.2799630758824208,19,31,10,4
15166100,47.7044908717200897,-122.1218821584592575,50.2802610997395902,19,31,10,4
15166200,47.7044908636954048,-122.1218821591742625,50.2810717613097680,19,31,10,4
15166300,47.7044908610777156,-122.1218821573140474,50.2812220406992552,20,31,10,4
15166400,47.7044908520262041,-122.1218821368281766,50.2818595173237597,20,32,10,4
15166500,47.7044908708248983,-122.1218821544747044,50.2831151658101234,20,32,10,4
15166600,47.7044908832871002,-122.1218821652586684,50.2845684184439108,20,32,10,4
15166700,47.7044908345301408,-122.1218821323438419,50.2785188569507184,20,32,10,4
15166800,47.7044908559397030,-122.1218821531898584,50.2812486454405345,20,32,10,4
15166900,47.7044908865759325,-122.1218821636061023,50.2851211266909388,20,33,10,4
15167000,47.7044908628631674,-122.1218821500986706,50.2836491701329464,20,33,10,4
15167100,47.7044908726310908,-122.1218821541566939,50.2829157449028443,20,33,10,4
15167200,47.7044908756545283,-122.1218821526821898,50.2826207684537181,21,33,10,4
15167300,47.7044908718658291,-122.1218821496206175,50.2823025132996833,21,33,10,4
15167400,47.7044908754298689,-122.1218821723523291,50.2790240429215913,18,29,10,4
15167500,47.7044908949862219,-122.1218821890439301,50.2844937596199983,19,30,10,4
15167600,47.7044908982717857,-122.1218821844786788,50.2829061650840927,19,30,10,4
15167700,47.7044908834047234,-122.1218821671751158,50.2802378550913289,19,30,10,4
15167800,47.7044908844284237,-122.1218821686308758,50.2806286475505075,19,30,10,4
15167900,47.7044908847286919,-122.1218821643841608,50.2803363514423651,19,31,10,4
15168000,47.7044908969928301,-122.1218821668247756,50.2822813005709008,19,31,10,4
15168100,47.7044908866802686,-122.1218821675249018,50.2799190034925374,19,31,10,4
15168200,47.7044908931713110,-122.1218821705711406,50.2787002429051455,19,31,10,4
15168300,47.7044908852866243,-122.1218821603682159,50.2786243256979404,20,31,10,4
15168400,47.7044908964172336,-122.1218821620904578,50.2776210531893426,20,32,10,4
15168500,47.7044909045049721,-122.1218821660804252,50.2806504736552498,20,32,10,4
15168600,47.7044908924861204,-122.1218821503216674,50.2766339546807686,20,32,10,4
15168700,47.7044909224863432,-122.1218821660148279,50.2788345849626808,20,32,10,4
15168800,47.7044909164568836,-122.1218821528378129,50.2772039387449823,20,32,10,4
15168900,47.7044909166866091,-122.1218821436280990,50.2747994421439159,20,33,10,4
15169000,47.7044909060313742,-122.1218821421077649,50.2751923677098773,20,33,10,4
15169100,47.7044909303696869,-122.1218821446890530,50.2759851165710216,20,33,10,4
15169200,47.7044909064006433,-122.1218821473491403,50.2728921269648339,21,33,10,4
15169300,47.7044909216505175,-122.1218821496208164,50.2735754117494906,21,33,10,4
15169400,47.7044909388965479,-122.1218821528418346,50.2752847691927158,21,34,10,4
15169500,47.7044909480521611,-122.1218821608765239,50.2696368210978761,19,30,10,4
15169600,47.7044909553125933,-122.1218821801940919,50.2717764022138809,19,30,10,4
15169700,47.7044909561407877,-122.1218821765307041,50.2710595857332123,19,30,10,4
15169800,47.7044909571294511,-122.1218821571198561,50.2705157013748405,19,30,10,4
15169900,47.7044909665244035,-122.1218821623923532,50.2715903077023896,19,31,10,4
15170000,47.7044909601850335,-122.1218821541704926,50.2714679815967500,19,31,10,4
15170100,47.7044909468731859,-122.1218821574493347,50.2681910766658717,19,31,10,4
15170200,47.7044909555904866,-122.1218821430275767,50.2682756620782385,19,31,10,4
15170300,47.7044909536605815,-122.1218821345717629,50.2655192224264979,20,31,10,4
15170400,47.7044909488892159,-122.1218821389405207,50.2674318244850227,20,32,10,4
15170500,47.7044909358848557,-122.1218821284033140,50.2639757602930928,20,32,10,4
15170600,47.7044909563298773,-122.1218821362271427,50.2671199973181615,20,32,10,4
15170700,47.7044909632796745,-122.1218821428264505,50.2676690353561639,20,32,10,4
15170800,47.7044909572350306,-122.1218821369156018,50.2668414421779346,20,32,10,4
15170900,47.7044909420654690,-122.1218821243611643,50.2629084837269176,20,33,10,4
15171000,47.7044909602052982,-122.1218821296609889,50.2670831092814083,20,33,10,4
15171100,47.7044909563752739,-122.1218821402395633,50.2676337479487501,20,33,10,4
15171200,47.7044909540268591,-122.1218821252347198,50.2679714150955448,21,33,10,4
15171300,47.7044909687813643,-122.1218821476725367,50.2699470959608732,21,33,10,4
15171400,47.7044909675635722,-122.1218821295277621,50.2661175584386299,21,33,10,4
15171500,47.7044909299097810,-122.1218821885624095,50.2788514795758843,19,30,10,4
15171600,47.7044909334605904,-122.1218821877828447,50.2812635376339685,19,30,10,4
15171700,47.7044909297352078,-122.1218821834922466,50.2800945517992730,19,30,10,4
15171800,47.7044909409132032,-122.1218821786387707,50.2801296497324230,19,30,10,4
15171900,47.7044909194649165,-122.1218821669046122,50.2797123698996486,19,31,10,4
15172000,47.7044909284362291,-122.1218821934843390,50.2821658755624341,19,31,10,4
15172100,47.7044909348087245,-122.1218821903424612,50.2817865782199007,19,31,10,4
15172200,47.7044909170995695,-122.1218821761762712,50.2806980745910934,19,31,10,4
15172300,47.7044909028127933,-122.1218821761864888,50.2790876102231437,20,31,10,4
15172400,47.7044909117621074,-122.1218821820983607,50.2810488129962536,20,32,10,4
15172500,47.7044909000731607,-122.1218821683753504,50.2791380908523990,20,32,10,4
15172600,47.7044908998822805,-122.1218821690556950,50.2789121297732038,20,32,10,4
15172700,47.7044908900128135,-122.1218821700441879,50.2798680190734331,20,32,10,4
15172800,47.7044909022482670,-122.1218821747106631,50.2800398958210124,20,32,10,4
15172900,47.7044908835217285,-122.1218821708760345,50.2785852177071320,20,33,10,4
15173000,47.7044909036037339,-122.1218821755136901,50.2817473309910810,20,33,10,4
15173100,47.7044909056968649,-122.1218821761457605,50.2826191749400593,20,33,10,4
15173200,47.7044908863388031,-122.1218821711014186,50.2804387939509212,21,33,10,4
15173300,47.7044908875250258,-122.1218821805034480,50.2799446788834246,21,33,10,4
15173400,47.7044908864619686,-122.1218821897625020,50.2828468303199045,18,29,10,4
15173500,47.7044908798388789,-122.1218821972851742,50.2820836432245599,19,30,10,4
15173600,47.7044908856460879,-122.1218821980443039,50.2829656387815973,19,30,10,4
15173700,47.7044908837298109,-122.1218822012049685,50.2842285756577709,19,30,10,4
15173800,47.7044908689541742,-122.1218821862600521,50.2817849356958888,19,30,10,4
15173900,47.7044908700270938,-122.1218821976753333,50.2814315458150816,19,31,10,4
15174000,47.7044908652015209,-122.1218821967312493,50.2811320839737519,19,31,10,4
15174100,47.7044908663998370,-122.1218821879955669,50.2816251373075929,19,31,10,4
15174200,47.7044908552504268,-122.1218821909578764,50.2779736367553909,19,31,10,4
15174300,47.7044908622522499,-122.1218821920987381,50.2813796914225222,20,31,10,4
15174400,47.7044908639518255,-122.1218821912572565,50.2797325787763896,20,32,10,4
15174500,47.7044908582209288,-122.1218821838156288,50.2792673651480015,20,32,10,4
15174600,47.7044908515186137,-122.1218821786825686,50.2766765363555521,20,32,10,4
15174700,47.7044908576320381,-122.1218821897140288,50.2792108968349183,20,32,10,4
15174800,47.7044908296503181,-122.1218821642827663,50.2735813880888998,20,32,10,4
15174900,47.7044908716759579,-122.1218822030465532,50.2810951332578568,20,33,10,4
15175000,47.7044908550287872,-122.1218822013579626,50.2780020461653905,20,33,10,4
15175100,47.7044908780863679,-122.1218822204639878,50.2816142030228548,20,33,10,4
15175200,47.7044908412423041,-122.1218822137652609,50.2798242594073628,21,33,10,4
15175300,47.7044908410337953,-122.1218822019042562,50.2786557861565555,21,33,10,4
15175400,47.7044908505627134,-122.1218821989129566,50.2784535924556408,21,33,10,4
15175500,47.7044908750960204,-122.1218822225246043,50.2786438322755060,19,30,10,4
15175600,47.7044908892479214,-122.1218822257548027,50.2800429964430506,19,30,10,4
15175700,47.7044908738922331,-122.1218822239606112,50.2781789846145060,19,30,10,4
15175800,47.7044908751494177,-122.1218822243029365,50.2796054871922635,19,30,10,4
15175900,47.7044908752882293,-122.1218822313417149,50.2782669810490788,19,31,10,4
15176000,47.7044908689040312,-122.1218822127688242,50.2756574851242490,19,31,10,4
15176100,47.7044908698182368,-122.1218822300463103,50.2775845445103045,19,31,10,4
15176200,47.7044908675496302,-122.1218822134718067,50.2765009387776161,19,31,10,4
15176300,47.7044908753083305,-122.1218822320168584,50.2754252163748205,20,31,10,4
15176400,47.7044908812018846,-122.1218822333755156,50.2762001704079537,20,32,10,4
15176500,47.7044908899204714,-122.1218822538861275,50.2786288360782763,20,32,10,4
15176600,47.7044908943778410,-122.1218822365085117,50.2767033709247642,20,32,10,4
15176700,47.7044908896854167,-122.1218822305791747,50.2780562890250380,20,32,10,4
15176800,47.7044908978837725,-122.1218822445099477,50.2758298891459035,20,32,10,4
15176900,47.7044908803565662,-122.1218822373744644,50.2742999555184866,20,33,10,4
15177000,47.7044908879908576,-122.1218822359413849,50.2742012238316320,20,33,10,4
15177100,47.7044909199703540,-122.1218822489962861,50.2791246969166963,20,33,10,4
15177200,47.7044909013550225,-122.1218822425019255,50.2748229718354480,21,33,10,4
15177300,47.7044909213316259,-122.1218822643479029,50.2770400047154808,21,33,10,4
15177400,47.7044909130964143,-122.1218822588964912,50.2774058466616793,21,33,10,4
15177500,47.7044908971413051,-122.1218822559037136,50.2758228812224601,21,34,10,4
15177600,47.7044908913295060,-122.1218822244565274,50.2762118151260466,19,30,10,4
15177700,47.7044909006409910,-122.1218822384259823,50.2777956900995733,19,30,10,4
15177800,47.7044909257901750,-122.1218822536681188,50.2790801858620284,19,30,10,4
15177900,47.7044909468318963,-122.1218822696644963,50.2833975436674478,19,31,10,4
15178000,47.7044909179738639,-122.1218822495632708,50.2768081235921684,19,31,10,4
15178100,47.7044909064264075,-122.1218822444254783,50.2759530808716377,19,31,10,4
15178200,47.7044909153497869,-122.1218822523119201,50.2763253555395977,19,31,10,4
15178300,47.7044909461771951,-122.1218822731082270,50.2801155703852629,20,31,10,4
15178400,47.7044909609714054,-122.1218822708835461,50.2825092455890044,20,32,10,4
15178500,47.7044909434833286,-122.1218822733938367,50.2808256797767399,20,32,10,4
15178600,47.7044909155499468,-122.1218822609737771,50.2744352157271521,20,32,10,4
15178700,47.7044909237481534,-122.1218822662705463,50.2752228208933474,20,32,10,4
15178800,47.7044909644108586,-122.1218822772330697,50.2812280420944617,20,32,10,4
15178900,47.7044909554900940,-122.1218822825434813,50.2791226365775259,20,33,10,4
15179000,47.7044909555509591,-122.1218822794857743,50.2789656853690303,20,33,10,4
15179100,47.7044909475553354,-122.1218822792928478,50.2782014197624889,20,33,10,4
15179200,47.7044909250514735,-122.1218822658828174,50.2736670829154448,21,33,10,4
15179300,47.7044909718317314,-122.1218822902267362,50.2782719698700689,21,33,10,4
15179400,47.7044909277616966,-122.1218822778297977,50.2793003658684512,18,29,10,4
15179500,47.7044909170793119,-122.1218822816076397,50.2795466238192930,19,30,10,4
15179600,47.7044909401126489,-122.1218822900262779,50.2821862538149844,19,30,10,4
15179700,47.7044909404789408,-122.1218822854345518,50.2826893517954332,19,30,10,4
15179800,47.7044909231069028,-122.1218822693615351,50.2774422883643552,19,30,10,4
15179900,47.7044909162279680,-122.1218822704218496,50.2788432475080000,19,31,10,4
15180000,47.7044909056980089,-122.1218822634272811,50.2769798388608038,19,31,10,4
15180100,47.7044909683771294,-122.1218823071591117,50.2863990323586876,19,31,10,4
15180200,47.7044909298431676,-122.1218822745548351,50.2798663534624595,19,31,10,4
15180300,47.7044909011489011,-122.1218822764924425,50.2763077583652134,20,31,10,4
15180400,47.7044909196264584,-122.1218822847475849,50.2807867112132669,20,32,10,4
15180500,47.7044909405397348,-122.1218822965261666,50.2817067245763738,20,32,10,4
15180600,47.7044909449152641,-122.1218822983063887,50.2819482646699853,20,32,10,4
15180700,47.7044909256748895,-122.1218822918317102,50.2800113754272715,20,32,10,4
15180800,47.7044909387618858,-122.1218822919612847,50.2809841056098392,20,32,10,4
15180900,47.7044909342940571,-122.1218822937564852,50.2792351516550440,20,33,10,4
15181000,47.7044909282106104,-122.1218822973984572,50.2797235051184117,20,33,10,4
15181100,47.7044909431234601,-122.1218823068571169,50.2830490327802906,20,33,10,4
15181200,47.7044909241361665,-122.1218822927753251,50.2813534158078568,21,33,10,4
15181300,47.7044909278632332,-122.1218823014542494,50.2811477675424854,21,33,10,4
15181400,47.7044909057003679,-122.1218822683191689,50.2806671938306948,18,29,10,4
15181500,47.7044909007952924,-122.1218822628387670,50.2823042558527149,19,30,10,4
15181600,47.7044908852031853,-122.1218822462539606,50.2797349765270596,19,30,10,4
15181700,47.7044909087626721,-122.1218822657304344,50.2828021188703218,19,30,10,4
15181800,47.7044908949418911,-122.1218822590060995,50.2814898825155652,19,30,10,4
15181900,47.7044908786220390,-122.1218822405437692,50.2812647613976509,19,31,10,4
15182000,47.7044908559206462,-122.1218822339811396,50.2768944656504502,19,31,10,4
15182100,47.7044908622612098,-122.1218822430806341,50.2772324538643431,19,31,10,4
15182200,47.7044908902243492,-122.1218822571210012,50.2814822348892747,19,31,10,4
15182300,47.7044908734335920,-122.1218822423180939,50.2807198663373143,20,31,10,4
15182400,47.7044908708722701,-122.1218822540152473,50.2806215977079560,20,32,10,4
15182500,47.7044908683936413,-122.1218822410511393,50.2806765452710493,20,32,10,4
15182600,47.7044908831535679,-122.1218822494721792,50.2820543655343926,20,32,10,4
15182700,47.7044908451678822,-122.1218822289215211,50.2751870670684369,20,32,10,4
15182800,47.7044908352535302,-122.1218822247181919,50.2763166033883380,20,32,10,4
15182900,47.7044908556273057,-122.1218822413383975,50.2768012759088876,20,33,10,4
15183000,47.7044908604355413,-122.1218822507404553,50.2788062691243951,20,33,10,4
15183100,47.7044908367463876,-122.1218822297456654,50.2761814330881194,20,33,10,4
15183200,47.7044908357739601,-122.1218822437387814,50.2753617757733267,21,33,10,4
15183300,47.7044908435490953,-122.1218822392104357,50.2762030074851225,21,33,10,4
15183400,47.7044908559641598,-122.1218822400434334,50.2785635178962593,21,33,10,4
15183500,47.7044908613504859,-122.1218822449281731,50.2766527956086122,19,30,10,4
15183600,47.7044908352499775,-122.1218822283772312,50.2727180896915087,19,30,10,4
15183700,47.7044908309621292,-122.1218822328942082,50.2738883008522137,19,30,10,4
15183800,47.7044908423544243,-122.1218822496943091,50.2744869861917181,19,30,10,4
15183900,47.7044908304613671,-122.1218822316404555,50.2735845355596567,19,31,10,4
15184000,47.7044908451852265,-122.1218822431403197,50.2737283835917310,19,31,10,4
15184100,47.7044908333675792,-122.1218822355790081,50.2731761989781774,19,31,10,4
15184200,47.7044908267399919,-122.1218822351327020,50.2731266573980733,19,31,10,4
15184300,47.7044908266756096,-122.1218822466212259,50.2717470164366915,20,31,10,4
15184400,47.7044908597858353,-122.1218822621428188,50.2772232635498639,20,32,10,4
15184500,47.7044908292474119,-122.1218822384497997,50.2729663863429863,20,32,10,4
15184600,47.7044908189163337,-122.1218822363243248,50.2703737401346586,20,32,10,4
15184700,47.7044908197814905,-122.1218822427155573,50.2693592747067513,20,32,10,4
15184800,47.7044908296982015,-122.1218822478910511,50.2724777349186951,20,32,10,4
15184900,47.7044908319417402,-122.1218822487594764,50.2729494295410433,20,33,10,4
15185000,47.7044908112063837,-122.1218822431776232,50.2686842935518499,20,33,10,4
15185100,47.7044908402663808,-122.1218822528652339,50.2725364776270354,20,33,10,4
15185200,47.7044908250313995,-122.1218822485494115,50.2714864942520379,21,33,10,4
15185300,47.7044908136157915,-122.1218822363964307,50.2662718792810566,21,33,10,4
15185400,47.7044908222277968,-122.1218822417708338,50.2691773767702514,21,33,10,4
15185500,47.7044908347571237,-122.1218822111010525,50.2653476490750251,19,30,10,4
15185600,47.7044908657860702,-122.1218822243658479,50.2683868465825157,19,30,10,4
15185700,47.7044908552016764,-122.1218822194147293,50.2686582543998099,19,30,10,4
15185800,47.7044908671816899,-122.1218822287092109,50.2714591240825612,19,30,10,4
15185900,47.7044908468543269,-122.1218822104964374,50.2670632492064300,19,31,10,4
15186000,47.7044908408310206,-122.1218822147015857,50.2666300023311976,19,31,10,4
15186100,47.7044908348740080,-122.1218822066665695,50.2649779098297742,19,31,10,4
15186200,47.7044908460900601,-122.1218822189252933,50.2673499250262878,19,31,10,4
15186300,47.7044908185924470,-122.1218821949345426,50.2638044017845260,20,31,10,4
15186400,47.7044908562348979,-122.1218822275687899,50.2684762285805533,20,32,10,4
15186500,47.7044908429254590,-122.1218822233053203,50.2664604378975000,20,32,10,4
15186600,47.7044908601878248,-122.1218822268519091,50.2701498608940014,20,32,10,4
15186700,47.7044908235834271,-122.1218821988017140,50.2644882294854298,20,32,10,4
15186800,47.7044908265343750,-122.1218821985607548,50.2646266259332535,20,32,10,4
15186900,47.7044908231983982,-122.1218822122838361,50.2643277715004544,20,33,10,4
15187000,47.7044908189785630,-122.1218822050978190,50.2646595623480295,20,33,10,4
15187100,47.7044908238679639,-122.1218822156948818,50.2667870860919948,20,33,10,4
15187200,47.7044908208628868,-122.1218822146082630,50.2660937726619323,21,33,10,4
15187300,47.7044907940362251,-122.1218821858016383,50.2608645713575655,21,33,10,4
15187400,47.7044908520269928,-122.1218822121530678,50.2739133627442314,18,29,10,4
15187500,47.7044908638033078,-122.1218822194419289,50.2779064360350318,19,30,10,4
15187600,47.7044908461689943,-122.1218822038184868,50.2744113469894245,19,30,10,4
15187700,47.7044908315249288,-122.1218821912432446,50.2731185103391809,19,30,10,4
15187800,47.7044908273840775,-122.1218821858548438,50.2714926809329654,19,30,10,4
15187900,47.7044908342188805,-122.1218821827520173,50.2731629041915156,19,31,10,4
15188000,47.7044908192555468,-122.1218821875217344,50.2718107736408228,19,31,10,4
15188100,47.7044908321926613,-122.1218821901743183,50.2714676493395913,19,31,10,4
15188200,47.7044908164506012,-122.1218821830977674,50.2698410170784271,19,31,10,4
15188300,47.7044908203010678,-122.1218821764004048,50.2695476519004742,20,31,10,4
15188400,47.7044908012881166,-122.1218821642187038,50.2690131851588475,20,32,10,4
15188500,47.7044908177063789,-122.1218821871660793,50.2691248677805689,20,32,10,4
15188600,47.7044907946164543,-122.1218821810812472,50.2666679381222323,20,32,10,4
15188700,47.7044908083655201,-122.1218821737914055,50.2677891096090477,20,32,10,4
15188800,47.7044908044805354,-122.1218821724328336,50.2656998169881604,20,32,10,4
15188900,47.7044907954779092,-122.1218821746526970,50.2648897962665586,20,33,10,4
15189000,47.7044908054913890,-122.1218821737546136,50.2671382907981510,20,33,10,4
15189100,47.7044907867980186,-122.1218821525349512,50.2617547652448238,20,33,10,4
15189200,47.7044907867880639,-122.1218821687034364,50.2631655616255770,21,33,10,4
15189300,47.7044907789503725,-122.1218821697016494,50.2610164210975867,21,33,10,4
15189400,47.7044908181522160,-122.1218821553288763,50.2651785202467281,18,29,10,4
15189500,47.7044908143757596,-122.1218821684309717,50.2650907299556167,19,30,10,4
15189600,47.7044908184212773,-122.1218821605249332,50.2646588633745850,19,30,10,4
15189700,47.7044908274177502,-122.1218821603630005,50.2656644817553726,19,30,10,4
15189800,47.7044908255214537,-122.1218821659399225,50.2653459539371070,19,30,10,4
15189900,47.7044908191940493,-122.1218821715128655,50.2655951513905990,19,31,10,4
15190000,47.7044908081135333,-122.1218821612664556,50.2630266100238217,19,31,10,4
15190100,47.7044908054122487,-122.1218821457203916,50.2605650204934093,19,31,10,4
15190200,47.7044907989264999,-122.1218821479394023,50.2598874439136480,19,31,10,4
15190300,47.7044908003214800,-122.1218821655074578,50.2618607085261786,20,31,10,4
15190400,47.7044907953624886,-122.1218821519459397,50.2607074654714907,20,32,10,4
15190500,47.7044907997361491,-122.1218821414337725,50.2595820718112805,20,32,10,4
15190600,47.7044907887951624,-122.1218821564504111,50.2586197510113308,20,32,10,4
15190700,47.7044907932618258,-122.1218821483096235,50.2595656656879015,20,32,10,4
15190800,47.7044907911460072,-122.1218821620791886,50.2597840678654180,20,32,10,4
15190900,47.7044908026522236,-122.1218821633737974,50.2602489678361266,20,33,10,4
15191000,47.7044907662620972,-122.1218821374678498,50.2541985193106271,20,33,10,4
15191100,47.7044907794781281,-122.1218821451058574,50.2556801339028354,20,33,10,4
15191200,47.7044907855194040,-122.1218821551182430,50.2553275057594959,21,33,10,4
15191300,47.7044907802586167,-122.1218821640152470,50.2582997822594848,21,33,10,4
15191400,47.7044908406446169,-122.1218821847256208,50.2679839793984300,18,29,10,4
15191500,47.7044908514200117,-122.1218821830148897,50.2693120631672983,19,30,10,4
15191600,47.7044908485390948,-122.1218821811583837,50.2692670739698855,19,30,10,4
15191700,47.7044908626557458,-122.1218821954809073,50.2709168927785228,19,30,10,4
15191800,47.7044908338106808,-122.1218821780671959,50.2686913258142667,19,30,10,4
15191900,47.7044908379974189,-122.1218821864471948,50.2681429621286071,19,31,10,4
15192000,47.7044908325843053,-122.1218821865352027,50.2672285934611764,19,31,10,4
15192100,47.7044907891393422,-122.1218821563619628,50.2615686002752255,19,31,10,4
15192200,47.7044908464175350,-122.1218821829835690,50.2698022251261349,19,31,10,4
15192300,47.7044908361682900,-122.1218821954987135,50.2691585221133437,20,31,10,4
15192400,47.7044908388488338,-122.1218821939257992,50.2665734350845952,20,32,10,4
15192500,47.7044908436042476,-122.1218821894166666,50.2674450620919657,20,32,10,4
15192600,47.7044908382194564,-122.1218821748133792,50.2688910217252953,20,32,10,4
15192700,47.7044908340755853,-122.1218821962119563,50.2680020890556065,20,32,10,4
15192800,47.7044908325316186,-122.1218821850424234,50.2696173230174139,20,32,10,4
15192900,47.7044908101558747,-122.1218821749431243,50.2670854267875242,20,33,10,4
15193000,47.7044908385538236,-122.1218821883163628,50.2704043422711351,20,33,10,4
15193100,47.7044908170253166,-122.1218821806257893,50.2702640076290024,20,33,10,4
15193200,47.7044908233316320,-122.1218821781299937,50.2721257113567503,21,33,10,4
15193300,47.7044908180767706,-122.1218821804539516,50.2696086604707091,21,33,10,4
15193400,47.7044908266850314,-122.1218821733962017,50.2700497144681293,21,33,10,4
15193500,47.7044908435805581,-122.1218821779805808,50.2714133467947875,21,34,10,4
15193600,47.7044908315489877,-122.1218821825872993,50.2800808624335076,19,30,10,4
15193700,47.7044908454800662,-122.1218821810342234,50.2813144269142498,19,30,10,4
15193800,47.7044908382304556,-122.1218821949763651,50.2804422784957339,19,30,10,4
15193900,47.7044908274927479,-122.1218821780196180,50.2791922522309633,19,31,10,4
15194000,47.7044908342387473,-122.1218821793540172,50.2798157970726507,19,31,10,4
15194100,47.7044908328443924,-122.1218821648638766,50.2777151770479875,19,31,10,4
15194200,47.7044908528842342,-122.1218821836107509,50.2804181778682633,19,31,10,4
15194300,47.7044908373050518,-122.1218821850237504,50.2794351868329983,20,31,10,4
15194400,47.7044908510169208,-122.1218821822539695,50.2816099103279015,20,32,10,4
15194500,47.7044908773265561,-122.1218821964867089,50.2833802619318391,20,32,10,4
15194600,47.7044908475398444,-122.1218821878495930,50.2806715865657807,20,32,10,4
15194700,47.7044908527059874,-122.1218821808118093,50.2797730637925966,20,32,10,4
15194800,47.7044908563134840,-122.1218821755279436,50.2805255280628600,20,32,10,4
15194900,47.7044908673020061,-122.1218821834603432,50.2803315621833775,20,33,10,4
15195000,47.7044908881685572,-122.1218821844117599,50.2811511775159019,20,33,10,4
15195100,47.7044908627191830,-122.1218821758955642,50.2764277258130718,20,33,10,4
15195200,47.7044908424258409,-122.1218821508111603,50.2733732174635719,21,33,10,4
15195300,47.7044908708652997,-122.1218821653514368,50.2770870744654275,21,33,10,4
15195400,47.7044908644005901,-122.1218821621918948,50.2748591514692009,21,33,10,4
15195500,47.7044908704222692,-122.1218821582126424,50.2729528123698231,21,34,10,4
15195600,47.7044909265811299,-122.1218821587643362,50.2761830727059547,19,30,10,4
15195700,47.7044909255425722,-122.1218821497026568,50.2736371829749586,19,30,10,4
15195800,47.7044909187159334,-122.1218821513103308,50.2713101733314787,19,30,10,4
15195900,47.7044909173124907,-122.1218821529841705,50.2717445109830194,19,31,10,4
15196000,47.7044909425674817,-122.1218821510466199,50.2729684167014312,19,31,10,4
15196100,47.7044909147253975,-122.1218821314374594,50.2693833457090946,19,31,10,4
15196200,47.7044909581360486,-122.1218821572365414,50.2744937800859759,19,31,10,4
15196300,47.7044909501094594,-122.1218821463478577,50.2733616599033866,20,31,10,4
15196400,47.7044909644475794,-122.1218821553857623,50.2729871621752835,20,32,10,4
15196500,47.7044909357828644,-122.1218821482237473,50.2684119764633692,20,32,10,4
15196600,47.7044909381306823,-122.1218821505402303,50.2687793437813681,20,32,10,4
15196700,47.7044909758634361,-122.1218821564061869,50.2746039674978675,20,32,10,4
15196800,47.7044909479351915,-122.1218821481076446,50.2714367322947808,20,32,10,4
15196900,47.7044909421110717,-122.1218821396936249,50.2691291678981287,20,33,10,4
15197000,47.7044909609546295,-122.1218821604327189,50.2734198861699184,20,33,10,4
15197100,47.7044909662761185,-122.1218821583740635,50.2720353294934981,20,33,10,4
15197200,47.7044909624138640,-122.1218821477534533,50.2717473658997491,21,33,10,4
15197300,47.7044909440744576,-122.1218821566350954,50.2704845712962225,21,33,10,4
15197400,47.7044909144721601,-122.1218821733299222,50.2751816691867930,19,29,10,4
15197500,47.7044909357923785,-122.1218821835293795,50.2771549510881641,19,30,10,4
15197600,47.7044909245667199,-122.1218821718246517,50.2745990919579953,19,30,10,4
15197700,47.7044909255833005,-122.1218821790656364,50.2752407443713309,19,30,10,4
15197800,47.7044909564665929,-122.1218821926205180,50.2791030069111926,19,30,10,4
15197900,47.7044909399297694,-122.1218821937546011,50.2784687283237943,19,31,10,4
15198000,47.7044909372627828,-122.1218821989466221,50.2800888634918692,19,31,10,4
15198100,47.7044909103956556,-122.1218821781045989,50.2751599826114415,19,31,10,4
15198200,47.7044910008828680,-122.1218822263859494,50.2901248461406993,24,36,10,4
15198300,47.7044910016482575,-122.1218822338211965,50.2936903959656476,24,36,10,4
15198400,47.7044909942660951,-122.1218822203365875,50.2900209695099392,24,36,10,4
15198500,47.7044909812259021,-122.1218822240337687,50.2880173874398224,24,36,10,4
15198600,47.7044910046899346,-122.1218822449615828,50.2929976825572282,24,36,10,4
15198700,47.7044909798999512,-122.1218822307163094,50.2902542404269894,24,37,10,4
15198800,47.7044909977215852,-122.1218822446234071,50.2928616636834462,25,37,10,4
15198900,47.7044909924120901,-122.1218822334281384,50.2924907366007190,25,37,10,4
15199000,47.7044909663851655,-122.1218822438026876,50.2918013328010431,25,37,10,4
15199100,47.7044909772420525,-122.1218822546556595,50.2936050195813067,25,38,10,4
15199200,47.7044909757313604,-122.1218822446474519,50.2929163958879784,25,38,10,4
15199300,47.7044909919346196,-122.1218822515321989,50.2957505076192248,25,38,10,4
15199400,47.7044909425405308,-122.1218822816201026,50.2975186522078985,22,34,10,4
15199500,47.7044909561719948,-122.1218822861990816,50.2999642311605584,23,34,10,4
15199600,47.7044909201060392,-122.1218822693266191,50.2960010305270657,23,34,10,4
15199700,47.7044909531701649,-122.1218822826234316,50.3005429149657033,23,34,10,4
15199800,47.7044909462286242,-122.1218822896537262,50.3004172775984557,23,35,10,4
15199900,47.7044909400849662,-122.1218822974701084,50.3002878864492615,23,35,10,4
15200000,47.7044909594097746,-122.1218822928289143,50.3002714747499979,23,35,10,4
15200100,47.7044909275128930,-122.1218822698686353,50.2971317462709067,24,35,10,4
15200200,47.7044909518653881,-122.1218822963537463,50.3000509279386421,24,36,10,4
15200300,47.7044909147188818,-122.1218822775838788,50.2957675509482840,24,36,10,4
15200400,47.7044909334399350,-122.1218822944510691,50.2991397590746629,24,36,10,4
15200500,47.7044909311144494,-122.1218822858970015,50.2962555214319593,24,36,10,4
15200600,47.7044909251333991,-122.1218822754819797,50.2941917310044673,24,36,10,4
15200700,47.7044909250607461,-122.1218822835851512,50.2945575353785870,24,37,10,4
15200800,47.7044909355224647,-122.1218822873369021,50.2982429477830095,25,37,10,4
15200900,47.7044909232324770,-122.1218822812262488,50.2941290203519671,25,37,10,4
15201000,47.7044909236625472,-122.1218822817458971,50.2946163429336721,25,37,10,4
15201100,47.7044909328755935,-122.1218822853809343,50.2948631100119457,25,38,10,4
15201200,47.7044909476501076,-122.1218822925246457,50.2947083060953020,25,38,10,4
15201300,47.7044909136615445,-122.1218822722570110,50.2918225537990722,25,38,10,4
15201400,47.7044909094250329,-122.1218822317811146,50.2792319147107989,22,34,10,4
15201500,47.7044909320027557,-122.1218822348735102,50.2804554325193607,23,34,10,4
15201600,47.7044909340319947,-122.1218822425553299,50.2824302930988978,23,34,10,4
15201700,47.7044909105205335,-122.1218822235176305,50.2775573839874710,23,34,10,4
15201800,47.7044909279991884,-122.1218822300740925,50.2793157309326446,23,35,10,4
15201900,47.7044909205708265,-122.1218822273637556,50.2784540823444246,23,35,10,4
15202000,47.7044909270474946,-122.1218822389633658,50.2798225299247576,23,35,10,4
15202100,47.7044909345099981,-122.1218822410963725,50.2831801123115625,24,35,10,4
15202200,47.7044909237126760,-122.1218822288025905,50.2792309148355656,24,36,10,4
15202300,47.7044909132112736,-122.1218822231520420,50.2776006811337268,24,36,10,4
15202400,47.7044909033896758,-122.1218822133481439,50.2764095455593463,24,36,10,4
15202500,47.7044909185776262,-122.1218822336401644,50.2783646993978692,24,36,10,4
15202600,47.7044909090733000,-122.1218822262419650,50.2771721752858838,24,36,10,4
15202700,47.7044908932816725,-122.1218822027605597,50.2750400190437503,24,37,10,4
15202800,47.7044908964702543,-122.1218822156251917,50.2739958039359678,25,37,10,4
15202900,47.7044909071752059,-122.1218822114320801,50.2741928967579526,25,37,10,4
15203000,47.7044909048067822,-122.1218822070495236,50.2757257326166851,25,37,10,4
15203100,47.7044908869275162,-122.1218821952056004,50.2735757670503745,25,38,10,4
15203200,47.7044908906951548,-122.1218821988397849,50.2735626509461255,25,38,10,4
15203300,47.7044908950350077,-122.1218821864310797,50.2713909329968232,25,38,10,4
15203400,47.7044909203041669,-122.1218821920741533,50.2749500530425522,22,34,10,4
15203500,47.7044909219826110,-122.1218821829206433,50.2740520179692538,23,34,10,4
15203600,47.7044909199498051,-122.1218821892074260,50.2738297877945399,23,34,10,4
15203700,47.7044909223374134,-122.1218821916816779,50.2754132948879047,23,34,10,4
15203800,47.7044909321215158,-122.1218821830826045,50.2758059763726379,23,35,10,4
15203900,47.7044909190197970,-122.1218821800928254,50.2740296351321518,23,35,10,4
15204000,47.7044909322014590,-122.1218821980458671,50.2770956917749032,23,35,10,4
15204100,47.7044909260534524,-122.1218821903504761,50.2760339453751044,24,35,10,4
15204200,47.7044909179178376,-122.1218821782811261,50.2745200619809367,24,36,10,4
15204300,47.7044909327502538,-122.1218821777601846,50.2733083098707567,24,36,10,4
15204400,47.7044909340156593,-122.1218821877341441,50.2751955630508860,24,36,10,4
15204500,47.7044909376222321,-122.1218821851742291,50.2742907853396801,24,36,10,4
15204600,47.7044909439043892,-122.1218821886382955,50.2766970493061365,24,36,10,4
15204700,47.7044909381773223,-122.1218821733049111,50.2738568190083228,24,37,10,4
15204800,47.7044909347528119,-122.1218821820201725,50.2733104979880139,25,37,10,4
15204900,47.7044909725113300,-122.1218821972302635,50.2790222811074585,25,37,10,4
15205000,47.7044909583840777,-122.1218821897795692,50.2781711216334202,25,37,10,4
15205100,47.7044909600754679,-122.1218821905315650,50.2778986954354394,25,38,10,4
15205200,47.7044909303003877,-122.1218821741266680,50.2746314809843540,25,38,10,4
15205300,47.7044909154086199,-122.1218821686229035,50.2705800015953415,25,38,10,4
15205400,47.7044909764623810,-122.1218821820017126,50.2835481808475109,22,34,10,4
15205500,47.7044909919884574,-122.1218821932055647,50.2834849137135222,23,34,10,4
15205600,47.7044909785606421,-122.1218821893672271,50.2843512493523832,23,34,10,4
15205700,47.7044909630797420,-122.1218821747162622,50.2798416435418574,23,34,10,4
15205800,47.7044909861498141,-122.1218821808179342,50.2818658395237819,23,35,10,4
15205900,47.7044909941908202,-122.1218821954055187,50.2841623311898758,23,35,10,4
15206000,47.7044909806249748,-122.1218821841973465,50.2801694975704052,23,35,10,4
15206100,47.7044909848290288,-122.1218821800397194,50.2817964664462025,24,35,10,4
15206200,47.7044909818027350,-122.1218821911289467,50.2817312762899249,24,36,10,4
15206300,47.7044909963651875,-122.1218821938452379,50.2824400327132039,24,36,10,4
15206400,47.7044909870618739,-122.1218821770117557,50.2807944626462842,24,36,10,4
15206500,47.7044909864689828,-122.1218821914532526,50.2833613014254723,24,36,10,4
15206600,47.7044909659200869,-122.1218821674901420,50.2791499219658036,24,36,10,4
15206700,47.7044909741445622,-122.1218821733014011,50.2789821521475275,24,37,10,4
15206800,47.7044909738686087,-122.1218821819604159,50.2805633259315314,25,37,10,4
15206900,47.7044909929639331,-122.1218821934544678,50.2814921982732770,25,37,10,4
15207000,47.7044909956850347,-122.1218821986787901,50.2822641407290192,25,37,10,4
15207100,47.7044909716103476,-122.1218821824557779,50.2793822857928419,25,38,10,4
15207200,47.7044909867226181,-122.1218822011296226,50.2811341939163370,25,38,10,4
15207300,47.7044909604390952,-122.1218821813442617,50.2792840860667170,25,38,10,4
15207400,47.7044909719873829,-122.1218821874796987,50.2813682953351275,25,38,10,4
15207500,47.7044909748592048,-122.1218822154739740,50.2853127166516032,23,34,10,4
15207600,47.7044910037843550,-122.1218822252451446,50.2891402055137249,23,34,10,4
15207700,47.7044909912802524,-122.1218822118915028,50.2861628074328735,23,34,10,4
15207800,47.7044909787893232,-122.1218822249635565,50.2873421921170802,23,35,10,4
15207900,47.7044909550117922,-122.1218822246107720,50.2852052775699079,23,35,10,4
15208000,47.7044909874039647,-122.1218822209945500,50.2894744239224636,23,35,10,4
15208100,47.7044909736865179,-122.1218822269062656,50.2871775626146373,24,35,10,4
15208200,47.7044909643499579,-122.1218822349327695,50.2861820650444784,24,36,10,4
15208300,47.7044909622242699,-122.1218822242771438,50.2881741209919397,24,36,10,4
15208400,47.7044909775395922,-122.1218822424166319,50.2898015988705609,24,36,10,4
15208500,47.7044909720488519,-122.1218822353246907,50.2902668779392741,24,36,10,4
15208600,47.7044909782905364,-122.1218822585740753,50.2919924580916486,24,36,10,4
15208700,47.7044909325060829,-122.1218822285800485,50.2864403891271010,24,37,10,4
15208800,47.7044909477837749,-122.1218822413277678,50.2879334656548451,25,37,10,4
15208900,47.7044909586022285,-122.1218822498824892,50.2915686366373151,25,37,10,4
15209000,47.7044909790242073,-122.1218822600727378,50.2949325657343564,25,37,10,4
15209100,47.7044909669682085,-122.1218822601067302,50.2946038673800970,25,38,10,4
15209200,47.7044909473013519,-122.1218822612072046,50.2911973644616097,25,38,10,4
15209300,47.7044909407438880,-122.1218822371462238,50.2905983936475565,25,38,10,4
15209400,47.7044909146871916,-122.1218822509472659,50.2932573517373811,22,34,10,4
15209500,47.7044909231976035,-122.1218822630979730,50.2935087833785133,23,34,10,4
15209600,47.7044909017755430,-122.1218822561138779,50.2910975487321181,23,34,10,4
15209700,47.7044908822387725,-122.1218822370586707,50.2911618735431105,23,34,10,4
15209800,47.7044908806572110,-122.1218822289950054,50.2872216871451059,23,35,10,4
15209900,47.7044908827844836,-122.1218822463572593,50.2896748332557095,23,35,10,4
15210000,47.7044908831754455,-122.1218822559249872,50.2925444154050609,23,35,10,4
15210100,47.7044908994765535,-122.1218822560085471,50.2917657949413552,24,35,10,4
15210200,47.7044908885942220,-122.1218822507072446,50.2916634345829365,24,36,10,4
15210300,47.7044909032667874,-122.1218822601501586,50.2931892753409286,24,36,10,4
15210400,47.7044908815184172,-122.1218822603366903,50.2903628802011013,24,36,10,4
15210500,47.7044908722070744,-122.1218822467481431,50.2893690525075030,24,36,10,4
15210600,47.7044908904864258,-122.1218822544094138,50.2924531234122512,24,36,10,4
15210700,47.7044908820977227,-122.1218822501859904,50.2893183364795462,24,37,10,4
15210800,47.7044908845696085,-122.1218822669784601,50.2911327052892361,25,37,10,4
15210900,47.7044908271056158,-122.1218822325225091,50.2830483408184890,25,37,10,4
15211000,47.7044908718480016,-122.1218822416173708,50.2883442969260983,25,37,10,4
15211100,47.7044908586293701,-122.1218822479383306,50.2889745782704267,25,38,10,4
15211200,47.7044908846335716,-122.1218822793316008,50.2935198339735550,25,38,10,4
15211300,47.7044908557953065,-122.1218822817401417,50.2894558829077027,25,38,10,4
15211400,47.7044908929446834,-122.1218822581709702,50.2866838367913900,22,34,10,4
15211500,47.7044908708033830,-122.1218822427494501,50.2824387351808682,23,34,10,4
15211600,47.7044908630354172,-122.1218822507092341,50.2836681848538731,22,33,10,4
15211700,47.7044908964773882,-122.1218822788806193,50.2849291962860647,21,33,10,4
15211800,47.7044908908626439,-122.1218822740060261,50.2863084634723236,21,33,10,4
15211900,47.7044908694127372,-122.1218822586429127,50.2826787689027128,21,33,10,4
15212000,47.7044908775079790,-122.1218822701744813,50.2859095929545248,21,33,10,4
15212100,47.7044908929119416,-122.1218822751600328,50.2878610517918361,21,33,10,4
15212200,47.7044908766743703,-122.1218822685599292,50.2852680371313951,21,33,10,4
15212300,47.7044908697241397,-122.1218822671652475,50.2842312731678334,21,33,10,4
15212400,47.7044908758602801,-122.1218822702041962,50.2852345911504628,21,33,10,4
15212500,47.7044908682203399,-122.1218822749383435,50.2850626657160902,22,33,10,4
15212600,47.7044908975381432,-122.1218822968817790,50.2919219193670131,22,34,10,4
15212700,47.7044908571320079,-122.1218822728624076,50.2848417978126321,22,34,10,4
15212800,47.7044908490928705,-122.1218822711937833,50.2847303560977750,22,34,10,4
15212900,47.7044908592267092,-122.1218822717588495,50.2851854921099104,22,34,10,4
15213000,47.7044908527774965,-122.1218822645397637,50.2844167183021185,22,34,10,4
15213100,47.7044908542347201,-122.1218822568385889,50.2833638618266860,22,34,10,4
15213200,47.7044908497936717,-122.1218822527785761,50.2828561891575561,22,35,10,4
15213300,47.7044908233753091,-122.1218822593795750,50.2817302308279253,22,35,10,4
15213400,47.7044909010445579,-122.1218822453888464,50.2877884843287930,22,34,10,4
15213500,47.7044908977548943,-122.1218822485966342,50.2856829537991175,23,34,10,4
15213600,47.7044908547578572,-122.1218822238138557,50.2816822447844132,21,33,10,4
15213700,47.7044908780962942,-122.1218822179042718,50.2832780018110626,21,32,10,4
15213800,47.7044909002123774,-122.1218822343958408,50.2878164661430134,21,32,10,4
15213900,47.7044908850554705,-122.1218822332335350,50.2851117704286210,21,32,10,4
15214000,47.7044908708114050,-122.1218822240542465,50.2833172968416733,21,33,10,4
15214100,47.7044908687230986,-122.1218822341359953,50.2827612016206089,21,33,10,4
15214200,47.7044908785274231,-122.1218822293918862,50.2838779569700094,21,33,10,4
15214300,47.7044908610147544,-122.1218822165641740,50.2818617055079216,21,33,10,4
15214400,47.7044908971590829,-122.1218822161625610,50.2866944200410515,21,33,10,4
15214500,47.7044908592818686,-122.1218822216323474,50.2837894296202279,21,33,10,4
15214600,47.7044908878526854,-122.1218822409983034,50.2871530910403450,21,33,10,4
15214700,47.7044908675463759,-122.1218822213118926,50.2841006947949580,21,34,10,4
15214800,47.7044908562064762,-122.1218822057251998,50.2781999745761112,22,34,10,4
15214900,47.7044908584428455,-122.1218822093767784,50.2806052364275331,22,34,10,4
15215000,47.7044908699079642,-122.1218822158111124,50.2810880335828472,22,34,10,4
15215100,47.7044908587300327,-122.1218821894740927,50.2783971145999615,22,34,10,4
15215200,47.7044908701706589,-122.1218821931525440,50.2814668650257985,22,34,10,4
15215300,47.7044908519985285,-122.1218821959523666,50.2786074834571295,22,34,10,4
15215400,47.7044908554518514,-122.1218821882636405,50.2773717091371708,22,35,10,4
15215500,47.7044908650022421,-122.1218821903047456,50.2798468462252828,22,35,10,4
15215600,47.7044908876901204,-122.1218821402933941,50.2772303730682779,20,31,10,4
15215700,47.7044908856150442,-122.1218821315643481,50.2749878450960495,20,31,10,4
15215800,47.7044908961877283,-122.1218821451473389,50.2789154720455684,20,31,10,4
15215900,47.7044908542841597,-122.1218821204397642,50.2707994561292182,20,32,10,4
15216000,47.7044908854079139,-122.1218821356501394,50.2760310554349630,20,32,10,4
15216100,47.7044908899579738,-122.1218821395334260,50.2775341053276748,20,32,10,4
15216200,47.7044908461937069,-122.1218821172047910,50.2709412923183052,21,32,10,4
15216300,47.7044909071121523,-122.1218821528847798,50.2778805341182533,21,32,10,4
15216400,47.7044908985404135,-122.1218821434086124,50.2760107755218826,21,33,10,4
15216500,47.7044909045503189,-122.1218821467033564,50.2773575394078094,21,33,10,4
15216600,47.7044908894422903,-122.1218821338765679,50.2754566958912150,21,33,10,4
15216700,47.7044908678254771,-122.1218821314702296,50.2719037387655945,21,33,10,4
15216800,47.7044908959986884,-122.1218821348719246,50.2750367021683786,21,33,10,4
15216900,47.7044909011318907,-122.1218821398711185,50.2779047381146427,21,33,10,4
15217000,47.7044908906624343,-122.1218821134257979,50.2741983409170459,21,34,10,4
15217100,47.7044908757710360,-122.1218821268299877,50.2740467855138959,21,34,10,4
15217200,47.7044908852766483,-122.1218821359955768,50.2773270202256981,22,34,10,4
15217300,47.7044908838948984,-122.1218821361439666,50.2782665787230201,22,34,10,4
15217400,47.7044908965080978,-122.1218821330777615,50.2760470891221942,22,34,10,4
15217500,47.7044909081951118,-122.1218821527047425,50.2815115461071755,22,34,10,4
15217600,47.7044909110982047,-122.1218821653202440,50.2795906883481294,20,31,10,4
15217700,47.7044909029054480,-122.1218821765662312,50.2800902716962455,20,31,10,4
15217800,47.7044908904939007,-122.1218821686953504,50.2780106869101076,20,31,10,4
15217900,47.7044909160492594,-122.1218821856294312,50.2802417430395252,20,31,10,4
15218000,47.7044909112067970,-122.1218821721708565,50.2792440735627650,20,31,10,4
15218100,47.7044909091771316,-122.1218821859964976,50.2801141713429871,20,32,10,4
15218200,47.7044908798406553,-122.1218821652494029,50.2763700991576741,20,32,10,4
15218300,47.7044909042287912,-122.1218821838152451,50.2795620183895977,20,32,10,4
15218400,47.7044908827844694,-122.1218821635756200,50.2760198493269783,20,32,10,4
15218500,47.7044908908042018,-122.1218821782032222,50.2784098266992459,20,32,10,4
15218600,47.7044908810382751,-122.1218821812855140,50.2774572862336981,21,33,10,4
15218700,47.7044909152337198,-122.1218821869989739,50.2827405804947674,21,33,10,4
15218800,47.7044908749773668,-122.1218821722167007,50.2756299662909001,21,33,10,4
15218900,47.7044908852005562,-122.1218821570005701,50.2770555033219395,21,33,10,4
15219000,47.7044909190450355,-122.1218821749243943,50.2783970346205251,21,33,10,4
15219100,47.7044909095821907,-122.1218821866863919,50.2809453807949112,21,33,10,4
15219200,47.7044908907353786,-122.1218821621247201,50.2757645110782860,21,34,10,4
15219300,47.7044908998729227,-122.1218821781116759,50.2771808878378437,21,34,10,4
15219400,47.7044908879188654,-122.1218821965147612,50.2839059524583689,19,30,10,4
15219500,47.7044908975879025,-122.1218822081508364,50.2865980537418125,19,30,10,4
15219600,47.7044908642356233,-122.1218821941121035,50.2782409861330279,19,30,10,4
15219700,47.7044908721945475,-122.1218821906298757,50.2819140310604027,19,30,10,4
15219800,47.7044908880308896,-122.1218822088170555,50.2841338933279403,19,31,10,4
15219900,47.7044908583263663,-122.1218821890465733,50.2814070934817678,20,31,10,4
15220000,47.7044908906817327,-122.1218822175876539,50.2840994594980302,20,31,10,4
15220100,47.7044908758081547,-122.1218822042554990,50.2835643609051601,20,31,10,4
15220200,47.7044908676356130,-122.1218821938285402,50.2821800414559164,20,31,10,4
15220300,47.7044908464871824,-122.1218821911807026,50.2794169497530206,20,32,10,4
15220400,47.7044908870308717,-122.1218822049907118,50.2854110219515391,20,32,10,4
15220500,47.7044908504884049,-122.1218821998557473,50.2800305421592455,20,32,10,4
15220600,47.7044908487705825,-122.1218821891410187,50.2796924212367600,20,32,10,4
15220700,47.7044908424827980,-122.1218821903595853,50.2794597359130293,20,32,10,4
15220800,47.7044908476148350,-122.1218821808235191,50.2782890349408618,20,32,10,4
15220900,47.7044908770646572,-122.1218822006796358,50.2828343140563874,20,33,10,4
15221000,47.7044908402785879,-122.1218822013593410,50.2783146500673652,21,33,10,4
15221100,47.7044908543501833,-122.1218821939000492,50.2819067366843058,21,33,10,4
15221200,47.7044908586244034,-122.1218822150710395,50.2848803531008386,21,33,10,4
15221300,47.7044908588998240,-122.1218822077510282,50.2811544359922848,21,33,10,4
15221400,47.7044908806576089,-122.1218822560868063,50.2845115007266656,19,30,10,4
15221500,47.7044908770441651,-122.1218822357171092,50.2828173178875204,19,30,10,4
15221600,47.7044908821823057,-122.1218822505633028,50.2857038118023922,19,30,10,4
15221700,47.7044908754186210,-122.1218822559106343,50.2834461824990200,19,30,10,4
15221800,47.7044908699454666,-122.1218822540967039,50.2831674128459056,19,30,10,4
15221900,47.7044908681064967,-122.1218822387018008,50.2854425618734737,19,31,10,4
15222000,47.7044908412887878,-122.1218822409731217,50.2825983329879449,19,31,10,4
15222100,47.7044908612308944,-122.1218822479827537,50.2851061411320899,20,31,10,4
15222200,47.7044908499895826,-122.1218822325730997,50.2821836619203495,20,31,10,4
15222300,47.7044908435380961,-122.1218822344764448,50.2825018551652647,20,31,10,4
15222400,47.7044908606054463,-122.1218822497642691,50.2872637357845704,20,32,10,4
15222500,47.7044908254146804,-122.1218822177391132,50.2794562764871742,20,32,10,4
15222600,47.7044908415498838,-122.1218822322955759,50.2822114626840246,20,32,10,4
15222700,47.7044908386016502,-122.1218822335687832,50.2834133456788308,20,32,10,4
15222800,47.7044908499847793,-122.1218822407382731,50.2853950791448838,20,32,10,4
15222900,47.7044908474489802,-122.1218822367033425,50.2838099062124897,20,33,10,4
15223000,47.7044908356675563,-122.1218822376440158,50.2836089616665305,21,33,10,4
15223100,47.7044908329083341,-122.1218822413200087,50.2842536118441572,21,33,10,4
15223200,47.7044908218751473,-122.1218822303309111,50.2832669389071540,21,33,10,4
15223300,47.7044908295557732,-122.1218822331234577,50.2844420148794597,21,33,10,4
15223400,47.7044908490578408,-122.1218822163303912,50.2884605954575434,19,29,10,4
15223500,47.7044908527128229,-122.1218822137606566,50.2891649177784501,19,30,10,4
15223600,47.7044908287384359,-122.1218822099567092,50.2851345192638277,19,30,10,4
15223700,47.7044908444254148,-122.1218822172744325,50.2897050074438496,19,30,10,4
15223800,47.7044908076018359,-122.1218821979021953,50.2849318491705830,19,30,10,4
15223900,47.7044908391182361,-122.1218822067374248,50.2892406593916874,19,31,10,4
15224000,47.7044908217944084,-122.1218821949401843,50.2872406505932616,19,31,10,4
15224100,47.7044908090944588,-122.1218821818962539,50.2833303019213034,20,31,10,4
15224200,47.7044907979037873,-122.1218821789110791,50.2834670544230420,20,31,10,4
15224300,47.7044908055871133,-122.1218821967861032,50.2863651442887516,20,31,10,4
15224400,47.7044908392648779,-122.1218822009027605,50.2897624507592909,20,32,10,4
15224500,47.7044908085091706,-122.1218821892339434,50.2864185682186573,20,32,10,4
15224600,47.7044908073767076,-122.1218821895161426,50.2873407491193234,20,32,10,4
15224700,47.7044908075982335,-122.1218821815981244,50.2885333236846819,20,32,10,4
15224800,47.7044907771443434,-122.1218821806286883,50.2860976650189144,20,32,10,4
15224900,47.7044907961558238,-122.1218821782260733,50.2870425442071536,20,33,10,4
15225000,47.7044907807668963,-122.1218821852773146,50.2869174429373160,21,33,10,4
15225100,47.7044907863949632,-122.1218821761522264,50.2859133986211120,21,33,10,4
15225200,47.7044907974500703,-122.1218821853149450,50.2875124194173253,21,33,10,4
15225300,47.7044907634454987,-122.1218821568227924,50.2836886602655611,24,36,10,4
15225400,47.7044907947595505,-122.1218821527821348,50.2832127172211898,21,32,10,4
15225500,47.7044907997590713,-122.1218821419523834,50.2812883285409953,22,32,10,4
15225600,47.7044907903284994,-122.1218821456033936,50.2829946156818153,22,33,10,4
15225700,47.7044908013774744,-122.1218821485632446,50.2847687839183166,22,33,10,4
15225800,47.7044907880799727,-122.1218821440345721,50.2830643358625622,22,33,10,4
15225900,47.7044908099191218,-122.1218821436381177,50.2865043175239990,22,33,10,4
15226000,47.7044907911054210,-122.1218821346904377,50.2842664523355865,22,34,10,4
15226100,47.7044907845712558,-122.1218821384651676,50.2846922079024665,22,34,10,4
15226200,47.7044908035608088,-122.1218821572585256,50.2874309871549698,23,34,10,4
15226300,47.7044908136379533,-122.1218821527189817,50.2900288121945707,23,34,10,4
15226400,47.7044907831430862,-122.1218821378914896,50.2865963641473357,23,34,10,4
15226500,47.7044908063589688,-122.1218821589114469,50.2907759192740969,23,35,10,4
15226600,47.7044908127557932,-122.1218821594663382,50.2901192454603887,23,35,10,4
15226700,47.7044907877866180,-122.1218821361890150,50.2868740612340019,23,35,10,4
15226800,47.7044908086231061,-122.1218821585817409,50.2932637769913740,23,35,10,4
15226900,47.7044907943807246,-122.1218821476866339,50.2891625000588860,24,36,10,4
15227000,47.7044907985408528,-122.1218821497212303,50.2895936319512202,23,35,10,4
15227100,47.7044907956246718,-122.1218821694090053,50.2917775070845181,23,35,10,4
15227200,47.7044908149783282,-122.1218821590544934,50.2935966633415319,23,35,10,4
15227300,47.7044907792951918,-122.1218821492375213,50.2876219292514435,23,35,10,4
15227400,47.7044908090975639,-122.1218821648028552,50.2844915968335187,21,32,10,4
15227500,47.7044908378632968,-122.1218821698094104,50.2899771045981581,22,32,10,4
15227600,47.7044908422244660,-122.1218821828113619,50.2927659375251253,21,32,10,4
15227700,47.7044908234406577,-122.1218821698937234,50.2882795458622667,21,32,10,4
15227800,47.7044908169863646,-122.1218821596456223,50.2863170692694581,21,32,10,4
15227900,47.7044908465905095,-122.1218821932036889,50.2930000707279845,21,32,10,4
15228000,47.7044908519470212,-122.1218821752422770,50.2910128326653378,21,32,10,4
15228100,47.7044908453641554,-122.1218821839810715,50.2919797343358042,21,33,10,4
15228200,47.7044908282941833,-122.1218821731581983,50.2884313316071712,21,33,10,4
15228300,47.7044908284978106,-122.1218821647900370,50.2888321136108516,21,33,10,4
15228400,47.7044908561477001,-122.1218821931111620,50.2935480155241805,22,33,10,4
15228500,47.7044908462245232,-122.1218821875820595,50.2901491642525755,22,33,10,4
15228600,47.7044908513197043,-122.1218821955149565,50.2934099261960839,22,34,10,4
15228700,47.7044908273460493,-122.1218821822339748,50.2900306886396748,22,34,10,4
15228800,47.7044908445098557,-122.1218821811903155,50.2893711080652821,22,34,10,4
15228900,47.7044908199441196,-122.1218821861354655,50.2877022318817239,22,34,10,4
15229000,47.7044908115114623,-122.1218821735553917,50.2866927782405426,22,34,10,4
15229100,47.7044908161935908,-122.1218821850232956,50.2895763426527083,22,34,10,4
15229200,47.7044908439768278,-122.1218822043208405,50.2918060655056038,22,35,10,4
15229300,47.7044908597465209,-122.1218822049365258,50.2943678650690629,22,35,10,4
15229400,47.7044908460146431,-122.1218822022037926,50.2822170351891486,20,31,10,4
15229500,47.7044908599850217,-122.1218822207336956,50.2842270893752215,20,31,10,4
15229600,47.7044908449422778,-122.1218822114938831,50.2826032559163778,20,31,10,4
15229700,47.7044908377958876,-122.1218822049876565,50.2808788985047244,20,32,10,4
15229800,47.7044908402626433,-122.1218822084892537,50.2809850988719163,21,32,10,4
15229900,47.7044908404175345,-122.1218822177902297,50.2849085469960855,21,32,10,4
15230000,47.7044908329748196,-122.1218822175567595,50.2825111136023679,21,32,10,4
15230100,47.7044908282391233,-122.1218822080518294,50.2814978437390110,21,32,10,4
15230200,47.7044908023646244,-122.1218822034185365,50.2794936300557254,21,33,10,4
15230300,47.7044908480196668,-122.1218822152958126,50.2858561919006135,21,33,10,4
15230400,47.7044907914961271,-122.1218822038729996,50.2792185636708737,21,33,10,4
15230500,47.7044908179773728,-122.1218822118129310,50.2830166090321953,21,33,10,4
15230600,47.7044908170285922,-122.1218822190880076,50.2849803031720555,22,33,10,4
15230700,47.7044908056454915,-122.1218822107149009,50.2811330490839197,22,33,10,4
15230800,47.7044908076673764,-122.1218821992181347,50.2827110392975243,22,34,10,4
15230900,47.7044907896267318,-122.1218822171411489,50.2822305942543011,22,34,10,4
15231000,47.7044907821884365,-122.1218822045927936,50.2827999304904267,22,34,10,4
15231100,47.7044908022357461,-122.1218822217826414,50.2840981268423732,22,34,10,4
15231200,47.7044907834229903,-122.1218822188310611,50.2818135883692747,22,34,10,4
15231300,47.7044907941585308,-122.1218822129321353,50.2867619104531869,22,35,10,4
15231400,47.7044907734375698,-122.1218821878805301,50.2793441452540648,20,31,10,4
