('192.168.0.50', 55555)
15486200,47.7044911334253285,-122.1218810341353844,50.2909487170299982,34,47,10,4
15486300,47.7044911045289339,-122.1218810343583101,50.2851825921297859,35,48,10,4
15486400,47.7044911479228233,-122.1218810346428256,50.2923148729036100,35,48,10,4
15486500,47.7044911274202619,-122.1218810206675442,50.2910693413804069,35,49,10,4
15486600,47.7044911305378747,-122.1218810351138586,50.2899099282306139,36,49,10,4
15486700,47.7044911386439594,-122.1218810349181894,50.2922718184937594,36,50,10,4
15486800,47.7044911398129088,-122.1218810314415038,50.2917780313196232,36,50,10,4
15486900,47.7044911579752196,-122.1218810367259380,50.2938847475938715,36,50,10,4
15487000,47.7044911308138069,-122.1218810236851198,50.2899237571136766,37,51,10,4
15487100,47.7044911169075405,-122.1218810131534411,50.2879504191224100,37,51,10,4
15487200,47.7044911329592978,-122.1218810139039732,50.2893514778684860,37,51,10,4
15487300,47.7044911135323133,-122.1218810093655094,50.2857433621320737,38,52,10,4
15487400,47.7044911331715014,-122.1218810132673838,50.2905407320104132,38,52,10,4
15487500,47.7044911288937783,-122.1218810096900995,50.2896226167130322,32,44,10,4
15487600,47.7044911322371306,-122.1218810059161797,50.2893745452702916,32,45,10,4
15487700,47.7044911460910939,-122.1218810024139287,50.2897125491310533,33,45,10,4
15487800,47.7044911162925729,-122.1218809987149712,50.2884788190397884,33,46,9,4
15487900,47.7044911303797790,-122.1218810114169315,50.2893797834408502,33,46,9,4
15488000,47.7044911198395241,-122.1218810076750856,50.2865700902851884,34,47,9,4
15488100,47.7044911294970646,-122.1218810167088691,50.2897841109551678,34,47,9,4
15488200,47.7044911261882021,-122.1218810155543082,50.2880823699140862,34,47,9,4
15488300,47.7044911312233140,-122.1218810102750467,50.2890819794468555,35,48,9,4
15488400,47.7044911361786603,-122.1218810005130280,50.2903250723038937,35,48,9,4
15488500,47.7044911023339679,-122.1218809919827777,50.2842589550221319,35,49,9,4
15488600,47.7044911194189467,-122.1218810092533005,50.2874651076745423,36,49,9,4
15488700,47.7044911369720595,-122.1218810056442265,50.2898360491534220,36,50,9,4
15488800,47.7044911170838546,-122.1218810154297785,50.2885887972889307,36,50,9,4
15488900,47.7044911178077697,-122.1218809968663805,50.2878480915948529,36,50,9,4
15489000,47.7044911292177076,-122.1218810044174319,50.2876869858317477,37,51,9,4
15489100,47.7044911161777421,-122.1218810043143037,50.2863755244007322,37,51,9,4
15489200,47.7044911408551968,-122.1218810116671136,50.2904939188160895,37,52,9,4
15489300,47.7044911293534923,-122.1218809994945360,50.2899568912806885,38,52,9,4
15489400,47.7044911085831913,-122.1218810050505112,50.2848877529018239,38,52,9,4
15489500,47.7044911005301131,-122.1218810624785363,50.2912448641507481,32,44,9,4
15489600,47.7044910903090127,-122.1218810556647583,50.2900467801650066,32,45,9,4
15489700,47.7044911040184232,-122.1218810442705234,50.2927252378873533,33,45,9,4
15489800,47.7044910662433068,-122.1218810321121140,50.2872905625629727,33,46,9,4
15489900,47.7044910880797559,-122.1218810605495406,50.2900356969925681,33,46,9,4
15490000,47.7044910761660788,-122.1218810424042971,50.2886048789959190,34,47,9,4
15490100,47.7044910870526166,-122.1218810450136658,50.2913124728897145,34,47,9,4
15490200,47.7044910854552811,-122.1218810537287993,50.2907156153988737,34,48,9,4
15490300,47.7044910752534008,-122.1218810483287740,50.2866373917427012,35,48,9,4
15490400,47.7044910749856896,-122.1218810355560720,50.2867571058363225,35,48,9,4
15490500,47.7044910714376229,-122.1218810438777780,50.2880555437526198,35,49,9,4
15490600,47.7044910932735391,-122.1218810560047245,50.2906001274397525,36,49,9,4
15490700,47.7044910927867534,-122.1218810547360363,50.2899153444037381,36,50,9,4
15490800,47.7044910772104558,-122.1218810470685838,50.2880001455342480,36,50,9,4
15490900,47.7044910884910252,-122.1218810443863134,50.2886538850420592,36,50,9,4
15491000,47.7044910915642362,-122.1218810545827154,50.2880965195045562,37,51,9,4
15491100,47.7044910743131254,-122.1218810600897626,50.2872473525413071,37,51,9,4
15491200,47.7044910887860922,-122.1218810487298327,50.2868403630080891,37,52,9,4
15491300,47.7044910761541558,-122.1218810446986254,50.2862695613314088,38,52,9,4
15491400,47.7044910998218796,-122.1218810552689007,50.2891933345575168,38,52,9,4
15491500,47.7044910823408230,-122.1218810455518167,50.2843364068495902,32,45,9,4
15491600,47.7044910846365937,-122.1218810280117566,50.2826357890330087,32,45,9,4
15491700,47.7044911142544521,-122.1218810553805554,50.2892183636033110,33,45,9,4
15491800,47.7044911153252542,-122.1218810507123607,50.2891660877870947,33,46,9,4
15491900,47.7044911244711898,-122.1218810543127518,50.2903367009656677,33,46,9,4
15492000,47.7044911096726949,-122.1218810507801464,50.2863536719309749,34,47,9,4
15492100,47.7044910907146260,-122.1218810440491183,50.2835894962833265,34,47,9,4
15492200,47.7044911147668245,-122.1218810474780128,50.2867074332237962,34,48,9,4
15492300,47.7044911180651212,-122.1218810520529274,50.2872891848411285,35,48,9,4
15492400,47.7044911325779495,-122.1218810513160520,50.2899474024081528,35,48,9,4
15492500,47.7044911211535592,-122.1218810448120990,50.2890371553511528,35,49,9,4
15492600,47.7044911177758095,-122.1218810481855286,50.2863347767947459,36,49,9,4
15492700,47.7044911124337503,-122.1218810418385630,50.2824177642018526,36,50,9,4
15492800,47.7044911383832257,-122.1218810543363844,50.2910955167148970,36,50,9,4
15492900,47.7044911294434968,-122.1218810541224684,50.2904433896868284,36,50,9,4
15493000,47.7044911364680075,-122.1218810534390400,50.2906014969905328,37,51,9,4
15493100,47.7044911191663914,-122.1218810257409899,50.2855491274457620,37,51,9,4
15493200,47.7044911094985977,-122.1218810396721750,50.2844310481652883,37,52,9,4
15493300,47.7044911401288303,-122.1218810464403930,50.2897427808780932,38,52,9,4
15493400,47.7044911421519657,-122.1218810470868306,50.2910542128461913,38,52,9,4
15493500,47.7044911481740002,-122.1218810617772306,50.2889781671016109,32,45,9,4
15493600,47.7044911504435802,-122.1218810521262128,50.2921109706853144,32,45,9,4
15493700,47.7044911235695039,-122.1218810507639176,50.2874250317022700,33,45,9,4
15493800,47.7044911181813376,-122.1218810530493073,50.2872797293085156,33,46,9,4
15493900,47.7044911344551537,-122.1218810574885225,50.2935513914926489,33,46,9,4
15494000,47.7044911029907013,-122.1218810339118619,50.2863447717218790,34,47,9,4
15494100,47.7044911100676075,-122.1218810286984962,50.2879668132394428,34,47,9,4
15494200,47.7044911056866141,-122.1218810379172623,50.2872589040045384,34,48,9,4
15494300,47.7044911123897037,-122.1218810451232315,50.2905805081257213,35,48,9,4
15494400,47.7044911226747104,-122.1218810441510811,50.2923990316425531,35,48,9,4
15494500,47.7044910960320578,-122.1218810210591101,50.2889021911301697,35,49,9,4
15494600,47.7044911498540358,-122.1218810531668026,50.2975192352453746,36,49,9,4
15494700,47.7044911386364774,-122.1218810516772209,50.2960443719197485,36,50,9,4
15494800,47.7044911228798370,-122.1218810517146665,50.2938864941323800,36,50,9,4
15494900,47.7044911317350397,-122.1218810571872524,50.2952051235082394,36,50,9,4
15495000,47.7044911165388257,-122.1218810566718531,50.2940355098902643,37,51,9,4
15495100,47.7044911098332207,-122.1218810400963548,50.2910917422522772,37,51,9,4
15495200,47.7044911316830209,-122.1218810508320445,50.2967100434979599,37,52,9,4
15495300,47.7044911164522247,-122.1218810386906028,50.2919214273461463,38,52,9,4
15495400,47.7044910795955985,-122.1218810461760995,50.2878985700763081,32,44,9,4
15495500,47.7044910644944267,-122.1218810173241138,50.2863034919712106,32,45,9,4
15495600,47.7044910640543876,-122.1218810328680036,50.2883004100352125,32,45,9,4
15495700,47.7044910661370238,-122.1218810303993223,50.2893725553445918,33,45,9,4
15495800,47.7044910415532044,-122.1218810310326148,50.2864562185829982,33,46,9,4
15495900,47.7044910586356323,-122.1218810342489434,50.2911038822194456,33,46,9,4
15496000,47.7044910483098121,-122.1218810299721724,50.2899710203352015,34,47,9,4
15496100,47.7044910237540023,-122.1218810181274534,50.2843534595559234,34,47,9,4
15496200,47.7044910272885332,-122.1218810099972387,50.2868564048613251,34,48,9,4
15496300,47.7044910400216153,-122.1218810348942156,50.2882138394257652,35,48,9,4
15496400,47.7044910590337707,-122.1218810348120769,50.2935422779441410,35,48,9,4
15496500,47.7044910299397600,-122.1218810201561382,50.2880714059315324,35,49,9,4
15496600,47.7044910207288169,-122.1218810159280821,50.2868130577811172,36,49,9,4
15496700,47.7044910036010279,-122.1218810117316593,50.2849688692433929,36,50,9,4
15496800,47.7044910136974991,-122.1218810191101625,50.2875034602419788,36,50,9,4
15496900,47.7044909876758325,-122.1218810150737824,50.2852080509215185,37,50,9,4
15497000,47.7044909702015545,-122.1218810078870263,50.2823555642573083,37,51,9,4
15497100,47.7044909765433900,-122.1218810149482721,50.2825119956481217,37,51,9,4
15497200,47.7044909760054807,-122.1218810090292806,50.2832149024096111,37,52,9,4
15497300,47.7044909889482085,-122.1218810379960189,50.2861471251871777,38,52,9,4
15497400,47.7044909630208522,-122.1218810135817563,50.2835102580587190,38,52,9,4
15497500,47.7044909175270462,-122.1218810264609829,50.2697169181051251,32,45,9,4
15497600,47.7044909498416487,-122.1218810238693919,50.2755571421012206,32,45,9,4
15497700,47.7044909410312243,-122.1218810271114279,50.2763123533736618,33,45,9,4
15497800,47.7044909366001377,-122.1218810226991565,50.2742901659056756,33,46,9,4
15497900,47.7044909299239421,-122.1218810380746902,50.2747789473823516,33,46,9,4
15498000,47.7044908997777313,-122.1218810223512037,50.2698574941929905,34,47,9,4
15498100,47.7044908861088715,-122.1218810130975498,50.2661729306964986,34,47,9,4
15498200,47.7044908889365473,-122.1218810192270041,50.2691992042717928,34,48,9,4
15498300,47.7044908743525298,-122.1218810139569086,50.2694828283255077,35,48,9,4
15498400,47.7044908789228970,-122.1218810241610839,50.2700365268324276,35,48,9,4
15498500,47.7044908601616200,-122.1218810155324803,50.2673264329047456,35,49,9,4
15498600,47.7044908717858078,-122.1218810182099901,50.2695500544918161,36,49,9,4
15498700,47.7044908714459197,-122.1218810206617746,50.2699516393009063,36,50,9,4
15498800,47.7044908456548953,-122.1218810125411949,50.2667143958812872,36,50,9,4
15498900,47.7044908529564964,-122.1218810152440852,50.2694109909292379,37,50,9,4
15499000,47.7044908236589578,-122.1218810133856465,50.2661914132155374,37,51,9,4
15499100,47.7044908203532003,-122.1218810131822465,50.2687944837571550,37,51,9,4
15499200,47.7044908173233253,-122.1218810147714322,50.2674502669909273,37,52,9,4
15499300,47.7044908091847759,-122.1218810091463212,50.2674574717353053,38,52,9,4
15499400,47.7044908014913602,-122.1218810029902784,50.2674627824032640,38,52,9,4
15499500,47.7044908012461875,-122.1218810120734020,50.2686008038512853,38,53,9,4
15499600,47.7044908095993279,-122.1218810020752699,50.2683886961659567,39,53,9,4
15499700,47.7044907889243106,-122.1218809885290000,50.2664938814593327,39,54,9,4
15499800,47.7044907833596383,-122.1218810056313799,50.2664937530186080,39,54,9,4
15499900,47.7044908907804341,-122.1218810142784434,50.2755480623013682,33,46,9,4
15500000,47.7044908847551028,-122.1218810109620989,50.2727909800983852,34,47,9,4
15500100,47.7044909150679857,-122.1218810193224300,50.2779581019488759,34,47,9,4
15500200,47.7044909060923388,-122.1218810174932514,50.2751348032118344,34,48,9,4
15500300,47.7044909089620930,-122.1218810353140043,50.2776019755993531,35,48,9,4
15500400,47.7044908968165657,-122.1218810207768257,50.2735963615619141,35,48,9,4
15500500,47.7044908913863850,-122.1218810232119552,50.2746525421776624,35,49,9,4
15500600,47.7044909263957493,-122.1218810245407269,50.2811228742269094,36,49,9,4
15500700,47.7044909203080252,-122.1218810330181270,50.2809486188478303,36,50,9,4
15500800,47.7044908938377290,-122.1218810259337033,50.2757293308579065,36,50,9,4
15500900,47.7044909346240402,-122.1218810437782452,50.2816847279120154,37,51,9,4
15501000,47.7044909479291945,-122.1218810431714417,50.2842182509431339,37,51,9,4
15501100,47.7044909038234479,-122.1218810263437149,50.2739630574925869,37,51,9,4
15501200,47.7044909140398090,-122.1218810166947293,50.2761115137966641,37,52,9,4
15501300,47.7044909215275226,-122.1218810301965902,50.2782800089439661,38,52,9,4
15501400,47.7044909388938692,-122.1218810263845285,50.2805153006858205,38,52,9,4
15501500,47.7044909386658702,-122.1218810377779818,50.2792035367355084,38,53,9,4
15501600,47.7044909158247350,-122.1218810168464302,50.2749414273911768,39,53,9,4
15501700,47.7044909384033602,-122.1218810230984815,50.2774248580266629,39,54,9,4
15501800,47.7044909264018742,-122.1218810251587144,50.2764570707671226,39,54,9,4
15501900,47.7044910184572331,-122.1218810134864299,50.2780975981316018,33,46,9,4
15502000,47.7044910136377851,-122.1218810176087430,50.2780808571519202,34,47,9,4
15502100,47.7044910295755713,-122.1218810098185656,50.2791883202179264,34,47,9,4
15502200,47.7044910245019480,-122.1218810262653420,50.2758943733508019,34,48,9,4
15502300,47.7044910236952973,-122.1218810168790441,50.2758003675602438,35,48,9,4
15502400,47.7044910227709877,-122.1218810110077726,50.2764895913946077,35,48,9,4
15502500,47.7044910223905845,-122.1218810100268541,50.2753836177168978,35,49,9,4
15502600,47.7044910223451311,-122.1218810167737274,50.2759778947125966,36,49,9,4
15502700,47.7044910366054609,-122.1218810079627559,50.2779721406183313,36,50,9,4
15502800,47.7044910347708324,-122.1218810087889892,50.2787189930279794,36,50,9,4
15502900,47.7044910395899464,-122.1218810204575789,50.2775261207512187,37,51,9,4
15503000,47.7044910467839287,-122.1218810210585985,50.2779096393862517,37,51,9,4
15503100,47.7044910264081636,-122.1218810141082685,50.2755692821220279,37,51,9,4
15503200,47.7044910223858523,-122.1218810046464256,50.2740993418029802,37,52,9,4
15503300,47.7044910345454269,-122.1218810061851059,50.2768480424322632,38,52,9,4
15503400,47.7044910358005723,-122.1218810214936923,50.2765806998515146,38,52,9,4
15503500,47.7044910527868709,-122.1218810174396907,50.2787254333237641,38,53,9,4
15503600,47.7044910579196113,-122.1218809969841175,50.2737319193029393,32,45,9,4
15503700,47.7044910488204934,-122.1218809843221180,50.2708010883835001,33,46,9,4
15503800,47.7044910716648474,-122.1218810013681946,50.2753664197910481,33,46,9,4
15503900,47.7044910753535589,-122.1218809907188501,50.2751157198411391,33,46,9,4
15504000,47.7044910837288683,-122.1218809916569370,50.2762222565207750,34,47,9,4
15504100,47.7044910736172625,-122.1218809865315933,50.2756376777952383,34,47,9,4
15504200,47.7044910830812157,-122.1218809946973494,50.2749822781060800,34,48,9,4
15504300,47.7044910833499500,-122.1218809911836445,50.2771001689466672,35,48,9,4
15504400,47.7044910338210713,-122.1218809571691395,50.2707120973633650,35,49,9,4
15504500,47.7044910854886552,-122.1218809848503497,50.2765564549709367,35,49,9,4
15504600,47.7044910660763577,-122.1218809756561114,50.2731144457821628,36,49,9,4
15504700,47.7044910731204013,-122.1218809836832691,50.2753541092134739,36,50,9,4
15504800,47.7044910585198565,-122.1218809675763310,50.2721028889858559,36,50,9,4
15504900,47.7044910471311354,-122.1218809703648134,50.2708971381678751,37,51,9,4
15505000,47.7044910374120121,-122.1218809685298794,50.2710805348227083,37,51,9,4
15505100,47.7044910256365995,-122.1218809547446398,50.2680231096406160,37,51,9,4
15505200,47.7044910303193888,-122.1218809661296376,50.2691091600863373,37,52,9,4
15505300,47.7044910304963139,-122.1218809562248993,50.2676981254794484,38,52,9,4
15505400,47.7044910466959351,-122.1218809659961266,50.2721028216810240,38,53,9,4
15505500,47.7044910233723840,-122.1218809454937571,50.2691237244433253,38,53,9,4
15505600,47.7044910179417982,-122.1218809562192007,50.2683593479076123,39,53,9,4
15505700,47.7044909910740955,-122.1218809744493257,50.2714760537998799,33,46,9,4
15505800,47.7044909849166530,-122.1218809546401189,50.2680080649723138,33,46,9,4
15505900,47.7044909875234708,-122.1218809563940511,50.2691296340106391,33,46,9,4
15506000,47.7044909623897411,-122.1218809453925900,50.2662677393449613,34,47,9,4
15506100,47.7044909916817659,-122.1218809593448782,50.2705557793089639,34,47,9,4
15506200,47.7044909714710457,-122.1218809478792480,50.2679038370732769,34,48,9,4
15506300,47.7044909704678233,-122.1218809460519878,50.2673535527678084,35,48,9,4
15506400,47.7044909751860828,-122.1218809388112874,50.2672473443581893,35,49,9,4
15506500,47.7044909777605355,-122.1218809348489316,50.2682105939891812,35,49,9,4
15506600,47.7044909847131180,-122.1218809705898565,50.2696447380862068,36,49,9,4
15506700,47.7044909746775474,-122.1218809424546947,50.2658002213144428,36,50,9,4
15506800,47.7044909765247382,-122.1218809341340972,50.2684229953097912,36,50,9,4
15506900,47.7044909567621076,-122.1218809257391626,50.2636839573155711,37,51,9,4
15507000,47.7044909349294599,-122.1218809247890107,50.2595838702257041,37,51,9,4
15507100,47.7044909408218274,-122.1218809259162015,50.2602763441444012,37,51,9,4
15507200,47.7044909534954087,-122.1218809360389059,50.2628459586914715,37,52,9,4
15507300,47.7044909286578473,-122.1218809163378154,50.2594511199787561,38,52,9,4
15507400,47.7044909351032729,-122.1218809289064779,50.2599845116737924,38,53,9,4
15507500,47.7044909293333887,-122.1218809472673854,50.2585375662976617,32,45,9,4
15507600,47.7044909297057700,-122.1218809608580216,50.2585784064094625,32,45,9,4
15507700,47.7044909492460931,-122.1218809611486478,50.2623949579287626,33,46,9,4
15507800,47.7044909506548365,-122.1218809619473262,50.2647035094165204,33,46,9,4
15507900,47.7044909126091667,-122.1218809558474305,50.2573751282691603,33,46,9,4
15508000,47.7044909111961672,-122.1218809472254065,50.2569428233338797,34,47,9,4
15508100,47.7044909003666149,-122.1218809438651363,50.2537731562469503,34,47,9,4
15508200,47.7044909140591429,-122.1218809366535680,50.2570836418284017,34,48,9,4
15508300,47.7044909069149270,-122.1218809388946482,50.2551838958641071,35,48,9,4
15508400,47.7044908905320924,-122.1218809359077682,50.2520443947216506,35,49,9,4
15508500,47.7044909018016199,-122.1218809348493863,50.2537301255477331,35,49,9,4
15508600,47.7044908971837174,-122.1218809229580557,50.2553027964111578,36,49,9,4
15508700,47.7044908757902064,-122.1218809282569282,50.2527095930237806,36,50,9,4
15508800,47.7044908955076963,-122.1218809262724534,50.2534806149122844,36,50,9,4
15508900,47.7044908898255926,-122.1218809188386274,50.2534020885944486,37,51,9,4
15509000,47.7044908798118712,-122.1218809156819844,50.2521360105299166,37,51,9,4
15509100,47.7044908762873021,-122.1218809022789742,50.2514421855332998,37,51,9,4
15509200,47.7044908724422712,-122.1218809007867350,50.2505098037945075,37,52,9,4
15509300,47.7044908751583492,-122.1218808975672232,50.2509057311690412,38,52,9,4
15509400,47.7044910501837904,-122.1218810343669503,50.2783787516176091,32,44,9,4
15509500,47.7044910398403417,-122.1218810379204314,50.2782589174532362,32,45,9,4
15509600,47.7044910432747855,-122.1218810191856647,50.2785158616255714,32,45,9,4
15509700,47.7044910201254666,-122.1218810202532836,50.2744112295932410,33,46,9,4
15509800,47.7044910398227486,-122.1218810191255386,50.2789667322423668,33,46,9,4
15509900,47.7044910253756811,-122.1218810124573082,50.2766841977673664,33,46,9,4
15510000,47.7044910545141434,-122.1218810187687751,50.2792461595622058,34,47,9,4
15510100,47.7044910402974409,-122.1218809936215024,50.2748344782770289,34,47,9,4
15510200,47.7044910544698553,-122.1218810078893284,50.2799474836626601,34,48,9,4
15510300,47.7044910363548667,-122.1218809976375042,50.2741318917136155,35,48,9,4
15510400,47.7044910614500424,-122.1218810012902054,50.2813534717071278,35,49,9,4
15510500,47.7044910610380768,-122.1218810014427731,50.2786824411332560,35,49,9,4
15510600,47.7044910754855138,-122.1218810098978054,50.2807613111109575,36,49,9,4
15510700,47.7044910559966624,-122.1218809907087746,50.2783556937909850,36,50,9,4
15510800,47.7044910827907316,-122.1218809869754125,50.2818005760108235,36,50,9,4
15510900,47.7044910818737478,-122.1218809809947032,50.2815128531214270,37,51,9,4
15511000,47.7044910768844943,-122.1218809798881750,50.2798530789476104,37,51,9,4
15511100,47.7044910639639141,-122.1218809688686946,50.2778367925688627,37,51,9,4
15511200,47.7044910524916901,-122.1218809648215569,50.2776369477294836,38,52,9,4
15511300,47.7044910623527088,-122.1218809568874235,50.2761572239366146,38,52,9,4
15511400,47.7044911496764428,-122.1218809894371162,50.2876588144018442,32,44,9,4
15511500,47.7044911548921817,-122.1218809856210186,50.2881109829093447,32,45,9,4
15511600,47.7044911704665822,-122.1218809909002516,50.2893900839603702,32,45,9,4
15511700,47.7044911392158753,-122.1218809693560843,50.2847386573396236,33,46,9,4
15511800,47.7044911510333947,-122.1218809659501261,50.2849839274847170,33,46,9,4
15511900,47.7044911661277027,-122.1218809506311942,50.2874089044602428,33,46,9,4
15512000,47.7044911787095955,-122.1218809647940589,50.2894636716488179,34,47,9,4
15512100,47.7044911649438106,-122.1218809531943634,50.2884566248379770,34,47,9,4
15512200,47.7044911454260472,-122.1218809501657603,50.2855299326757006,34,48,9,4
15512300,47.7044911692244469,-122.1218809624784853,50.2889679870460711,35,48,9,4
15512400,47.7044911640234517,-122.1218809490459023,50.2879657265536011,35,49,9,4
15512500,47.7044911770673039,-122.1218809417929378,50.2904244406887244,35,49,9,4
15512600,47.7044911532967859,-122.1218809488592996,50.2865934357328186,36,49,9,4
15512700,47.7044911429705039,-122.1218809303983903,50.2845564380496128,36,50,9,4
15512800,47.7044911820741646,-122.1218809324178665,50.2938879109071948,36,50,9,4
15512900,47.7044911638863098,-122.1218809345886314,50.2874929768617278,37,51,9,4
15513000,47.7044911860395970,-122.1218809431595105,50.2941559010753352,37,51,9,4
15513100,47.7044911820089510,-122.1218809335325517,50.2907730159397488,37,51,9,4
15513200,47.7044911814054302,-122.1218809259518707,50.2895463495577388,38,52,9,4
15513300,47.7044911907053901,-122.1218809303773725,50.2932060877097555,38,52,9,4
15513400,47.7044911578857054,-122.1218810145609552,50.2938216677680145,32,44,9,4
15513500,47.7044911363022592,-122.1218810078987929,50.2919092430575390,32,45,9,4
15513600,47.7044911554063162,-122.1218810016785881,50.2950094179931639,32,45,9,4
15513700,47.7044911740657369,-122.1218809999684112,50.2963604410270122,33,46,9,4
15513800,47.7044911655869512,-122.1218810013160123,50.2943556253565163,33,46,9,4
15513900,47.7044911502464259,-122.1218809893244526,50.2924194790792711,33,46,9,4
15514000,47.7044911714480904,-122.1218809897573294,50.2961074875231589,34,47,9,4
15514100,47.7044911619786092,-122.1218809980104680,50.2971907449560121,34,47,9,4
15514200,47.7044911558958162,-122.1218809897632411,50.2956247187873373,34,48,9,4
15514300,47.7044911475964142,-122.1218809828038587,50.2943920805220230,35,48,9,4
15514400,47.7044911499790274,-122.1218809786009132,50.2952771540394039,35,49,9,4
15514500,47.7044911542398467,-122.1218809921765995,50.2974597026144536,35,49,9,4
15514600,47.7044911559028435,-122.1218809855343466,50.2979108377144684,36,49,9,4
15514700,47.7044911638736053,-122.1218809806873793,50.2981904897590013,36,50,9,4
15514800,47.7044911556157842,-122.1218809734595112,50.2974698592451972,36,50,9,4
15514900,47.7044911510390790,-122.1218809734701267,50.2958215374096582,37,51,9,4
15515000,47.7044911584739353,-122.1218809771884963,50.2991209517786686,37,51,9,4
15515100,47.7044911709541495,-122.1218809975793818,50.3043526271644765,37,51,9,4
15515200,47.7044911824026840,-122.1218809945033144,50.3063100623712032,38,52,9,4
15515300,47.7044911578966762,-122.1218809820360462,50.3016997110304729,38,52,9,4
15515400,47.7044910751565112,-122.1218810217301751,50.2912384799754975,32,44,9,4
15515500,47.7044910715770456,-122.1218810140752424,50.2912183589410233,32,45,9,4
15515600,47.7044910698701301,-122.1218810201569482,50.2908706776899308,32,45,9,4
15515700,47.7044910819036403,-122.1218810221877789,50.2937549506470205,33,46,9,4
15515800,47.7044910810717653,-122.1218810101057102,50.2928039259673909,33,46,9,4
15515900,47.7044910737200496,-122.1218810078785140,50.2924582200617323,33,47,9,4
15516000,47.7044910599360747,-122.1218810028794621,50.2905354972517600,34,47,9,4
15516100,47.7044910843179650,-122.1218810306964144,50.2953279536592959,34,47,9,4
15516200,47.7044911046882660,-122.1218810199906244,50.2974587054903637,34,48,9,4
15516300,47.7044911001206415,-122.1218810126041205,50.2975809209330009,35,48,9,4
15516400,47.7044911074042375,-122.1218810182555075,50.2994453176121255,35,49,9,4
15516500,47.7044911116575818,-122.1218810308583187,50.3008344354618799,35,49,9,4
15516600,47.7044911026761227,-122.1218810195242810,50.2988410383368461,36,49,9,4
15516700,47.7044911226935469,-122.1218810247583235,50.3005225285036346,36,50,9,4
15516800,47.7044911198031656,-122.1218810307548068,50.3012812812349566,36,50,9,4
15516900,47.7044911204757867,-122.1218810237201353,50.3016448170207155,37,51,9,4
15517000,47.7044911310207596,-122.1218810326933806,50.3030696861008408,37,51,9,4
15517100,47.7044911044793949,-122.1218810215876971,50.2973919786159342,37,52,9,4
15517200,47.7044911260062818,-122.1218810211621104,50.3003427103122078,38,52,9,4
15517300,47.7044911409791510,-122.1218810336145850,50.3043225857783511,38,52,9,4
15517400,47.7044911514376011,-122.1218810631178684,50.2961683523777623,32,44,9,4
15517500,47.7044911503495470,-122.1218810668386823,50.2959291199146108,32,45,9,4
15517600,47.7044911651611940,-122.1218810683222813,50.2986281430942057,32,45,9,4
15517700,47.7044911734931816,-122.1218810682272107,50.3002385641396543,33,46,9,4
15517800,47.7044911870530228,-122.1218810758965532,50.3026669484934033,33,46,9,4
15517900,47.7044911770445097,-122.1218810616643395,50.2992489406406946,33,47,9,4
15518000,47.7044911937255236,-122.1218810717048342,50.3026085515927832,34,47,9,4
15518100,47.7044912012709190,-122.1218810721308472,50.3026293550355916,34,47,9,4
15518200,47.7044911884704206,-122.1218810718461327,50.3031980518386774,34,48,9,4
15518300,47.7044911954237989,-122.1218810555348000,50.3023330943091764,35,48,9,4
15518400,47.7044912165541461,-122.1218810761980933,50.3056118324266208,35,49,9,4
15518500,47.7044912088605315,-122.1218810771106575,50.3077156622945267,35,49,9,4
15518600,47.7044912151702292,-122.1218810832638866,50.3062199466620967,36,50,9,4
15518700,47.7044911983906346,-122.1218810659756713,50.3040995240677304,36,50,9,4
15518800,47.7044912282945006,-122.1218810768436924,50.3103012616221505,36,50,9,4
15518900,47.7044912106689338,-122.1218810649382220,50.3077863584202092,37,51,9,4
15519000,47.7044912208143899,-122.1218810812018774,50.3107216817138365,37,51,9,4
15519100,47.7044912483579040,-122.1218810969602231,50.3146238335310017,37,52,9,4
15519200,47.7044912420711213,-122.1218810926678913,50.3143405854757759,38,52,9,4
15519300,47.7044912372829515,-122.1218810857758115,50.3134924149424236,38,52,9,4
15519400,47.7044912118315878,-122.1218811036113010,50.3042545447858132,32,44,9,4
15519500,47.7044911921359898,-122.1218810963644188,50.3012994979980590,32,45,9,4
15519600,47.7044912053117329,-122.1218810973988838,50.3046259391297355,32,45,9,4
15519700,47.7044912141529167,-122.1218810976472469,50.3067972942413206,33,46,9,4
15519800,47.7044912056334454,-122.1218811048510986,50.3062422354722401,33,46,9,4
15519900,47.7044912194967097,-122.1218811092923460,50.3103186227439920,33,47,9,4
15520000,47.7044911900302537,-122.1218811009614598,50.3074119815572374,34,47,9,4
15520100,47.7044912115418001,-122.1218811020616499,50.3113672980176005,34,47,9,4
15520200,47.7044912104582011,-122.1218810991746722,50.3123987167185049,34,48,9,4
15520300,47.7044912359680708,-122.1218811222765197,50.3178959577618059,35,48,9,4
15520400,47.7044912237978096,-122.1218811051943476,50.3169889740359579,35,49,9,4
15520500,47.7044912038014601,-122.1218811022688442,50.3130067495862292,35,49,9,4
15520600,47.7044912074483349,-122.1218810955011094,50.3146839252878593,36,50,9,4
15520700,47.7044912534050951,-122.1218811433208487,50.3233993868060736,36,50,9,4
15520800,47.7044912469258193,-122.1218811296725590,50.3233074348679210,36,50,9,4
15520900,47.7044912148194911,-122.1218811207631916,50.3215132914314225,37,51,9,4
15521000,47.7044912036028990,-122.1218811154061115,50.3220750207431777,37,51,9,4
15521100,47.7044912088999808,-122.1218811145217416,50.3206682337507871,37,52,9,4
15521200,47.7044912359393365,-122.1218811102859831,50.3267211286905365,38,52,9,4
15521300,47.7044912135450758,-122.1218811099893742,50.3240782490208645,38,52,9,4
15521400,47.7044910959941788,-122.1218810774712864,50.3044679471362457,32,44,9,4
15521500,47.7044910896741072,-122.1218810756035822,50.3037784695166152,32,45,9,4
15521600,47.7044910989556286,-122.1218810696601764,50.3042377009585806,33,45,9,4
15521700,47.7044910843530587,-122.1218810546646978,50.3032976557387030,33,46,9,4
15521800,47.7044910763194210,-122.1218810632136922,50.3013016402332553,33,46,9,4
15521900,47.7044910808672356,-122.1218810566297464,50.3036457461730038,34,47,9,4
15522000,47.7044910999502534,-122.1218810781374202,50.3096280406333065,34,47,9,4
15522100,47.7044910875512471,-122.1218810779647725,50.3078754361386018,34,47,9,4
15522200,47.7044910911086575,-122.1218810671649351,50.3101337214641831,35,48,9,4
15522300,47.7044910719905744,-122.1218810684490705,50.3078434718783782,35,48,9,4
15522400,47.7044910760521574,-122.1218810622366533,50.3069922111934673,35,49,9,4
15522500,47.7044910875349331,-122.1218810692487295,50.3118477825242962,35,49,9,4
15522600,47.7044911039005584,-122.1218810739637917,50.3164017146275597,36,50,9,4
15522700,47.7044910894579957,-122.1218810706401143,50.3124848545837224,36,50,9,4
15522800,47.7044910717722388,-122.1218810668031125,50.3111624651103071,36,50,9,4
15522900,47.7044910872807861,-122.1218810768105101,50.3148332799673028,37,51,9,4
15523000,47.7044910548897150,-122.1218810645625865,50.3078048049217088,37,51,9,4
15523100,47.7044910508906597,-122.1218810713321830,50.3116333559334379,37,52,9,4
15523200,47.7044910596221143,-122.1218810667822083,50.3120560664264787,38,52,9,4
15523300,47.7044910404369418,-122.1218810554588430,50.3098083195689441,38,52,9,4
15523400,47.7044910509724716,-122.1218810582471264,50.3123387748626314,38,53,9,4
15523500,47.7044910366198422,-122.1218810738575371,50.3136520206677460,38,53,9,4
15523600,47.7044910485171840,-122.1218810640206698,50.3138720873619576,39,54,9,4
15523700,47.7044910492624226,-122.1218810557357841,50.3132275526847650,39,54,9,4
15523800,47.7044910268818683,-122.1218810554921816,50.3121236363499733,39,54,9,4
15523900,47.7044909913975275,-122.1218810241988280,50.2890102541394626,34,47,9,4
15524000,47.7044909947589417,-122.1218810225412454,50.2907266381428215,34,47,9,4
15524100,47.7044909990356345,-122.1218810203194920,50.2883312242649509,34,48,9,4
15524200,47.7044910043686272,-122.1218810383291924,50.2939571465247681,35,48,9,4
15524300,47.7044909855765269,-122.1218810347118762,50.2925671256511961,35,48,9,4
15524400,47.7044909817872238,-122.1218810321041843,50.2907021365708644,35,49,9,4
15524500,47.7044909976347427,-122.1218810356481868,50.2945338102970396,35,49,9,4
15524600,47.7044909861886737,-122.1218810303183915,50.2936489334534684,36,50,9,4
15524700,47.7044909823544785,-122.1218810298567803,50.2933831905315003,36,50,9,4
15524800,47.7044909878457872,-122.1218810457731934,50.2957128292733984,36,50,9,4
15524900,47.7044909662602947,-122.1218810348884176,50.2909551651391737,37,51,9,4
15525000,47.7044909745444059,-122.1218810307071863,50.2934549674123588,37,51,9,4
15525100,47.7044909689384795,-122.1218810361288121,50.2955583773437951,37,52,9,4
15525200,47.7044909547034734,-122.1218810367862631,50.2948322378738126,38,52,9,4
15525300,47.7044909452337720,-122.1218810369686025,50.2930280286497293,38,52,9,4
15525400,47.7044909356694760,-122.1218810053331509,50.2792643090906708,32,44,9,4
15525500,47.7044909176774468,-122.1218810015725893,50.2755192388118033,32,45,9,4
15525600,47.7044909484156250,-122.1218810153236802,50.2819943510663592,33,45,9,4
15525700,47.7044909390738781,-122.1218810156482988,50.2801205095253039,33,46,9,4
15525800,47.7044909505038390,-122.1218810222925555,50.2820309889764872,33,46,9,4
15525900,47.7044909250502087,-122.1218810175481337,50.2806251666729906,34,47,9,4
15526000,47.7044909350799600,-122.1218810139984328,50.2810138211372788,34,47,9,4
15526100,47.7044909338506500,-122.1218810149044316,50.2827369883610515,34,48,9,4
15526200,47.7044909314467915,-122.1218810222519409,50.2837063747314446,35,48,9,4
15526300,47.7044909152220526,-122.1218810147737912,50.2802695801921331,35,48,9,4
15526400,47.7044909136073585,-122.1218810181054693,50.2816630842995238,35,49,9,4
15526500,47.7044909067075906,-122.1218810158155748,50.2816804180075536,35,49,9,4
15526600,47.7044909203095528,-122.1218810236539127,50.2843588343014218,36,50,9,4
15526700,47.7044909287581547,-122.1218810137556403,50.2844237367002975,36,50,9,4
15526800,47.7044909174314213,-122.1218810181031813,50.2836667389181997,36,50,9,4
15526900,47.7044909134610151,-122.1218810212893544,50.2826437798183932,37,51,9,4
15527000,47.7044909335693674,-122.1218810100548495,50.2861547675387541,37,51,9,4
15527100,47.7044909207781629,-122.1218810179403391,50.2845812409596746,37,52,9,4
15527200,47.7044908933348211,-122.1218810002651480,50.2818371147224994,38,52,9,4
15527300,47.7044909504598635,-122.1218810297512363,50.2893425571288901,38,52,9,4
15527400,47.7044909597413351,-122.1218809875149987,50.2758975814514670,32,44,9,4
15527500,47.7044909881083470,-122.1218810158037655,50.2834390364346433,32,45,9,4
15527600,47.7044909918030342,-122.1218810224742271,50.2828076797130521,33,45,9,4
15527700,47.7044910040581129,-122.1218810197586464,50.2834961631860651,33,46,9,4
15527800,47.7044909852887997,-122.1218810146845613,50.2792324450974064,33,46,9,4
15527900,47.7044910091459045,-122.1218810326749491,50.2858213500355902,34,47,9,4
15528000,47.7044910101481037,-122.1218810160367099,50.2854642401225718,34,47,9,4
15528100,47.7044910243447902,-122.1218810222045192,50.2882657701588158,34,48,9,4
15528200,47.7044910249186032,-122.1218810358214171,50.2869855646350459,35,48,9,4
15528300,47.7044910168226224,-122.1218810202604601,50.2876085768316017,35,48,9,4
15528400,47.7044910238480426,-122.1218810214850521,50.2864294509363958,35,49,9,4
15528500,47.7044910446706183,-122.1218810304037845,50.2911073375331483,36,49,9,4
15528600,47.7044910454380755,-122.1218810373807031,50.2928621647195371,36,50,9,4
15528700,47.7044910472648596,-122.1218810352247885,50.2919207507213102,36,50,9,4
15528800,47.7044910601548082,-122.1218810403095318,50.2935708882028720,36,50,9,4
15528900,47.7044910571593235,-122.1218810414448086,50.2922915932885815,37,51,9,4
15529000,47.7044910702473572,-122.1218810474558012,50.2963951426350562,37,51,9,4
15529100,47.7044910693324624,-122.1218810516573683,50.2948456689737284,37,52,9,4
15529200,47.7044910643477706,-122.1218810423787176,50.2950101099332443,38,52,9,4
15529300,47.7044910850406012,-122.1218810493783593,50.2988807329183985,38,52,9,4
15529400,47.7044910621958564,-122.1218809959129032,50.2875059031741856,32,44,9,4
15529500,47.7044910750822453,-122.1218810172771043,50.2890298370552387,32,45,9,4
15529600,47.7044910996615670,-122.1218810180390335,50.2927030302904186,33,45,9,4
15529700,47.7044910917565730,-122.1218810048165011,50.2928171927666980,33,46,9,4
15529800,47.7044911178826467,-122.1218810282455394,50.2953161233890427,33,46,9,4
15529900,47.7044911242329590,-122.1218810189597406,50.2946651631414952,34,47,9,4
15530000,47.7044911253539254,-122.1218810260835710,50.2947816708990700,34,47,9,4
15530100,47.7044911353466574,-122.1218810289635286,50.2975773944239464,34,48,9,4
15530200,47.7044911568783832,-122.1218810409503277,50.3001296878667077,35,48,9,4
15530300,47.7044911485705256,-122.1218810421187015,50.2988097197357718,35,48,9,4
15530400,47.7044911494479038,-122.1218810364784844,50.2991223981154789,35,49,9,4
15530500,47.7044911508617631,-122.1218810425244925,50.3006592518176348,36,49,9,4
15530600,47.7044911493270973,-122.1218810329581288,50.2996359819049346,36,50,9,4
15530700,47.7044911517555335,-122.1218810316621131,50.2987370050343543,36,50,9,4
15530800,47.7044911564863057,-122.1218810322476145,50.2992994538818863,36,50,9,4
15530900,47.7044911733717214,-122.1218810501841858,50.3031579205367123,37,51,9,4
15531000,47.7044911800688851,-122.1218810517332969,50.3038369535951659,37,51,9,4
15531100,47.7044911607582449,-122.1218810330145885,50.3005223191745898,37,52,9,4
15531200,47.7044911665997660,-122.1218810323767912,50.3008220050287775,38,52,9,4
15531300,47.7044911746037457,-122.1218810436140245,50.3016981716297735,38,52,9,4
15531400,47.7044911269873566,-122.1218810255760587,50.2908861625754469,32,44,9,4
15531500,47.7044911731411148,-122.1218810360013833,50.2968422349214208,32,45,9,4
15531600,47.7044911601422470,-122.1218810259380803,50.2938881551682826,33,45,9,4
15531700,47.7044911601636414,-122.1218810244791939,50.2934661488179700,33,46,9,4
15531800,47.7044911415382984,-122.1218810064005993,50.2915702748476079,33,46,9,4
15531900,47.7044911452115699,-122.1218810154407208,50.2900261299238096,34,47,9,4
15532000,47.7044911611602487,-122.1218810224602009,50.2927402254197560,34,47,9,4
15532100,47.7044911627680150,-122.1218810184382306,50.2935076809746135,34,48,9,4
15532200,47.7044911699128704,-122.1218810186854000,50.2950725589324819,35,48,9,4
15532300,47.7044911662259494,-122.1218810169844886,50.2973482851574403,35,48,9,4
15532400,47.7044911526007098,-122.1218810048993930,50.2945814588029236,35,49,9,4
15532500,47.7044911496514885,-122.1218810019398830,50.2926440548744864,36,49,9,4
15532600,47.7044911582563032,-122.1218810155233143,50.2947470421637206,36,50,9,4
15532700,47.7044911826135305,-122.1218810231335112,50.2977940339204821,36,50,9,4
15532800,47.7044911639231017,-122.1218810116284885,50.2938359090717242,36,51,9,4
15532900,47.7044911875266067,-122.1218810160444690,50.2986405925624780,37,51,9,4
15533000,47.7044911668156288,-122.1218810234531276,50.2968818724034605,37,51,9,4
15533100,47.7044911508988889,-122.1218810010304168,50.2937316153705183,37,52,9,4
15533200,47.7044911660230255,-122.1218810141407971,50.2962556249961423,38,52,9,4
15533300,47.7044911618142820,-122.1218810213922552,50.2975373362761502,38,53,9,4
15533400,47.7044911326687426,-122.1218810353938977,50.2936417317262467,32,44,9,4
15533500,47.7044911347450551,-122.1218810368684018,50.2939366419825546,32,45,9,4
15533600,47.7044911222782986,-122.1218810349226089,50.2913304009884214,33,45,9,4
15533700,47.7044911291022871,-122.1218810392287253,50.2945269561802206,33,46,9,4
15533800,47.7044911140456094,-122.1218810238918877,50.2914746564234392,33,46,9,4
15533900,47.7044911180080504,-122.1218810347101282,50.2924148157654116,34,47,9,4
15534000,47.7044911313495703,-122.1218810319112151,50.2940082212348329,34,47,9,4
15534100,47.7044911374805736,-122.1218810414570726,50.2972681063821412,34,48,9,4
15534200,47.7044911257380022,-122.1218810242932449,50.2928803919686942,35,48,9,4
15534300,47.7044911218221372,-122.1218810157435826,50.2939311798321640,35,48,9,4
15534400,47.7044911183180602,-122.1218810167711126,50.2931307444959046,35,49,9,4
15534500,47.7044911075264082,-122.1218810115713325,50.2925941308578217,36,49,9,4
15534600,47.7044911225778634,-122.1218810098522027,50.2934311510367635,36,50,9,4
15534700,47.7044911180605880,-122.1218810092443903,50.2925800364315876,36,50,9,4
15534800,47.7044911036092998,-122.1218810060969417,50.2900926401669537,36,51,9,4
15534900,47.7044911140262542,-122.1218810034114028,50.2922524894086251,37,51,9,4
15535000,47.7044911064448414,-122.1218810034479958,50.2922489948443499,37,51,9,4
15535100,47.7044910686682471,-122.1218809942118639,50.2875931582899796,37,52,9,4
15535200,47.7044910952732337,-122.1218809983792539,50.2903222358799695,38,52,9,4
15535300,47.7044911049883211,-122.1218809978029896,50.2930231480397723,38,53,9,4
15535400,47.7044910705017173,-122.1218810123128122,50.2866125922483320,32,45,9,4
15535500,47.7044910848319006,-122.1218810036566396,50.2878599361169378,32,45,9,4
15535600,47.7044910666951694,-122.1218810027580162,50.2867921110702483,33,45,9,4
15535700,47.7044910750626059,-122.1218810045703975,50.2894896066639561,33,46,9,4
15535800,47.7044910641489608,-122.1218809961060003,50.2877847540616187,33,46,9,4
15535900,47.7044910638110053,-122.1218809887765246,50.2863773508407448,34,47,9,4
15536000,47.7044910629563574,-122.1218809942591434,50.2861548102301867,34,47,9,4
15536100,47.7044910769072956,-122.1218809883631025,50.2885431541799832,34,48,9,4
15536200,47.7044910737902015,-122.1218809760239310,50.2882423627769555,35,48,9,4
15536300,47.7044910693657656,-122.1218809757193640,50.2866735934206233,35,48,9,4
15536400,47.7044910757999290,-122.1218809879420490,50.2882507977029150,35,49,9,4
15536500,47.7044910802401319,-122.1218809694706096,50.2882689189046417,36,49,9,4
15536600,47.7044911020519109,-122.1218809881240333,50.2930923041638422,36,50,9,4
15536700,47.7044910643607594,-122.1218809712877231,50.2863243843464360,36,50,9,4
15536800,47.7044910675470959,-122.1218809662131974,50.2867988352609103,37,51,9,4
15536900,47.7044911011165169,-122.1218809888938210,50.2927372579781036,37,51,9,4
15537000,47.7044910773191901,-122.1218809700438186,50.2905659818618389,37,51,9,4
15537100,47.7044910937412396,-122.1218809740149851,50.2900395992206697,37,52,9,4
15537200,47.7044911011752433,-122.1218809728994330,50.2891307077919834,38,52,9,4
15537300,47.7044910936218400,-122.1218809672567431,50.2877075522921757,38,53,9,4
15537400,47.7044911543969263,-122.1218810288302450,50.2940694828295278,32,45,9,4
15537500,47.7044911432138505,-122.1218810112922029,50.2909663850837205,32,45,9,4
15537600,47.7044911565765304,-122.1218810293720622,50.2943952662056617,33,45,9,4
15537700,47.7044911471425905,-122.1218810131794470,50.2918015019487257,33,46,9,4
15537800,47.7044911563037672,-122.1218810157878920,50.2931872578296790,33,46,9,4
15537900,47.7044911536582603,-122.1218810070496090,50.2916950951995645,34,47,9,4
15538000,47.7044911477254558,-122.1218810096803793,50.2908506506189426,34,47,9,4
15538100,47.7044911587881657,-122.1218810069438518,50.2914866305176673,34,48,9,4
15538200,47.7044911627389538,-122.1218810047219989,50.2923308310284440,35,48,9,4
15538300,47.7044911477990965,-122.1218809931974505,50.2883853378037884,35,49,9,4
15538400,47.7044911409739854,-122.1218809984842721,50.2892960511294689,35,49,9,4
15538500,47.7044911665168101,-122.1218810053535009,50.2937435028299973,36,49,9,4
15538600,47.7044911665674007,-122.1218810058362578,50.2933402589547995,36,50,9,4
15538700,47.7044911679884223,-122.1218809961650891,50.2929399494432303,36,50,9,4
15538800,47.7044911715933466,-122.1218809869290141,50.2927615230308263,37,51,9,4
15538900,47.7044911547712971,-122.1218809966320435,50.2909647589017723,37,51,9,4
15539000,47.7044911586305673,-122.1218809997065620,50.2926180539085124,37,51,9,4
15539100,47.7044911503114193,-122.1218809900602196,50.2920637076081363,37,52,9,4
15539200,47.7044911528521496,-122.1218809954149833,50.2906214808289747,38,52,9,4
15539300,47.7044911706582297,-122.1218809930897891,50.2930238893674684,38,53,9,4
15539400,47.7044911793690432,-122.1218810390483185,50.2981562067205417,32,45,9,4
15539500,47.7044911954713484,-122.1218810614150243,50.3008902317645195,32,45,9,4
15539600,47.7044911706818624,-122.1218810471156928,50.2999762926323868,33,45,9,4
15539700,47.7044911798402325,-122.1218810383103346,50.2984458746637486,33,46,9,4
15539800,47.7044911702847685,-122.1218810384197013,50.2978510760909714,33,46,9,4
15539900,47.7044911627228529,-122.1218810425426540,50.2979536311408637,34,47,9,4
15540000,47.7044911638232705,-122.1218810411610605,50.2991519213988241,34,47,9,4
15540100,47.7044911609614033,-122.1218810583944503,50.3007256931273190,34,48,9,4
15540200,47.7044911493435464,-122.1218810439034854,50.2986224044549601,35,48,9,4
15540300,47.7044911573988344,-122.1218810420942305,50.2996049858043435,35,49,9,4
15540400,47.7044911450274824,-122.1218810408238937,50.2978040244122511,35,49,9,4
15540500,47.7044911387757864,-122.1218810293847383,50.2950613892960305,36,49,9,4
15540600,47.7044911318584184,-122.1218810217461055,50.2944571303167081,36,50,9,4
15540700,47.7044911528502737,-122.1218810482065891,50.3008734867678839,36,50,9,4
15555800,47.7044909364496661,-122.1218810604708409,50.2754348888978342,33,47,9,4
15555900,47.7044909312905361,-122.1218810576222040,50.2771617963815061,34,47,9,4
15556000,47.7044909399854191,-122.1218810633324949,50.2804223173373259,34,47,9,4
15556100,47.7044909222202378,-122.1218810549204932,50.2767868377029430,34,48,9,4
15556200,47.7044909341187875,-122.1218810662691965,50.2773105824846454,35,48,9,4
15556300,47.7044908992041030,-122.1218810487126802,50.2737957017734516,35,49,9,4
15556400,47.7044909094505911,-122.1218810472417857,50.2737881666704070,35,49,9,4
15556500,47.7044909011095015,-122.1218810494004998,50.2736153726834516,36,50,9,4
15556600,47.7044908987494622,-122.1218810535718120,50.2750972256023019,36,50,9,4
15556700,47.7044909048559020,-122.1218810453534047,50.2752468644054673,36,50,9,4
15556800,47.7044908925774891,-122.1218810446893031,50.2741147904292163,37,51,9,4
15556900,47.7044909047832206,-122.1218810534853958,50.2740899438509956,37,51,9,4
15557000,47.7044908864017145,-122.1218810556300127,50.2729279012931869,37,52,9,4
15557100,47.7044908874880562,-122.1218810542832784,50.2717170117156513,38,52,9,4
15557200,47.7044908790635986,-122.1218810409321804,50.2709114816012601,38,52,9,4
15557300,47.7044908793137736,-122.1218810396543830,50.2714386270602844,38,53,9,4
15557400,47.7044908822785203,-122.1218810480760624,50.2716068880300853,38,53,9,4
15557500,47.7044909366245662,-122.1218810250628479,50.2743859993704731,32,45,9,4
15557600,47.7044909113802760,-122.1218810153941519,50.2704793537668237,33,46,9,4
15557700,47.7044909187126223,-122.1218810148130558,50.2725467632904639,33,46,9,4
15557800,47.7044909336115808,-122.1218810261336642,50.2754765806632591,33,47,9,4
15557900,47.7044909098699179,-122.1218810180139656,50.2710187062276930,34,47,9,4
15558000,47.7044909182328922,-122.1218810202224887,50.2710403645357218,34,47,9,4
15558100,47.7044909276869689,-122.1218810225952893,50.2729245228951953,34,48,9,4
15558200,47.7044909287050913,-122.1218810308737943,50.2723760850356598,35,48,9,4
15558300,47.7044909286228673,-122.1218810226916673,50.2711135337158765,35,49,9,4
15558400,47.7044909386409088,-122.1218810315447030,50.2728454119041146,35,49,9,4
15558500,47.7044909137338067,-122.1218810239356571,50.2721016987495872,36,50,9,4
15558600,47.7044909314611658,-122.1218810166201507,50.2730962936878001,36,50,9,4
15558700,47.7044909322254611,-122.1218810163055792,50.2733234676611431,36,50,9,4
15558800,47.7044909256246470,-122.1218810332573952,50.2725301019422588,37,51,9,4
15558900,47.7044909079746091,-122.1218810186745287,50.2702377455598892,37,51,9,4
15559000,47.7044909204469576,-122.1218810185214636,50.2727402915529709,37,52,9,4
15559100,47.7044909020056735,-122.1218810106261827,50.2702749281455326,38,52,9,4
15559200,47.7044909002066433,-122.1218810053173769,50.2686352182112728,38,52,9,4
15559300,47.7044909035693721,-122.1218810132095314,50.2698963337587230,38,53,9,4
15559400,47.7044908976102775,-122.1218809941135959,50.2681465698652445,38,53,9,4
15559500,47.7044909800601147,-122.1218810195369713,50.2787040942486527,32,45,9,4
15559600,47.7044909610305581,-122.1218810107574484,50.2768672201469471,33,46,9,4
15559700,47.7044909724316497,-122.1218810158210175,50.2770665441326088,33,46,9,4
15559800,47.7044909627457230,-122.1218810018544616,50.2761304129530586,33,47,9,4
15559900,47.7044909437937008,-122.1218809967724184,50.2733483056624166,34,47,9,4
15560000,47.7044909622661066,-122.1218810165091782,50.2776038905418616,34,47,9,4
15560100,47.7044909623349653,-122.1218810205321574,50.2797013323783730,34,48,9,4
15560200,47.7044909573622533,-122.1218810020670702,50.2769222756042211,35,48,9,4
15560300,47.7044909635220193,-122.1218810112263071,50.2797148037689752,35,49,9,4
15560400,47.7044909641494215,-122.1218810194307594,50.2815438319428480,35,49,9,4
15560500,47.7044909617467923,-122.1218810179192644,50.2789815332758465,36,50,9,4
15560600,47.7044909452272492,-122.1218810110310926,50.2782271215534422,36,50,9,4
15560700,47.7044909519238374,-122.1218810029146766,50.2782791169950229,36,50,9,4
15560800,47.7044909436782376,-122.1218810037149041,50.2779562014250772,37,51,9,4
15560900,47.7044909607765817,-122.1218810084011182,50.2831344051463560,37,51,9,4
15561000,47.7044909391495295,-122.1218810062158155,50.2801422507730322,37,52,9,4
15561100,47.7044909232243270,-122.1218809873131477,50.2766338813984746,38,52,9,4
15561200,47.7044909468407923,-122.1218809996823751,50.2790467945370168,38,52,9,4
15561300,47.7044909164121549,-122.1218809789474165,50.2747046280282675,38,53,9,4
15561400,47.7044909294640362,-122.1218809912890606,50.2845150530061957,32,45,9,4
15561500,47.7044909045343744,-122.1218809680045609,50.2776607022033843,32,45,9,4
15561600,47.7044908982504978,-122.1218809630379525,50.2796776497288889,33,46,9,4
15561700,47.7044909311363838,-122.1218809883984306,50.2846128290626382,33,46,9,4
15561800,47.7044909241597352,-122.1218809832443952,50.2830743313801278,33,47,9,4
15561900,47.7044909059651019,-122.1218809799051712,50.2795897129231690,34,47,9,4
15562000,47.7044909044103207,-122.1218809718826890,50.2796365709671349,34,47,9,4
15562100,47.7044909085191264,-122.1218809665126201,50.2803078657834206,34,48,9,4
15562200,47.7044909037414726,-122.1218809698210777,50.2806120553481506,35,48,9,4
15562300,47.7044908846240858,-122.1218809732992838,50.2758879349705055,35,49,9,4
15562400,47.7044908994408132,-122.1218809671933911,50.2791008740641701,35,49,9,4
15562500,47.7044908871944600,-122.1218809565691572,50.2765933489956396,36,50,9,4
15562600,47.7044908782476753,-122.1218809406041572,50.2734340249400589,36,50,9,4
15562700,47.7044909045537437,-122.1218809623117636,50.2796746994477886,36,50,9,4
15562800,47.7044908890581141,-122.1218809600044750,50.2767807752245943,37,51,9,4
15562900,47.7044908806100736,-122.1218809515957417,50.2749494564694857,37,51,9,4
15563000,47.7044908847186733,-122.1218809587924170,50.2781821139035543,37,52,9,4
15563100,47.7044908889801604,-122.1218809521236608,50.2761477594140587,38,52,9,4
15563200,47.7044908964281689,-122.1218809549561684,50.2764398729536097,38,53,9,4
15563300,47.7044908709894244,-122.1218809451790577,50.2722236646534739,38,53,9,4
15563400,47.7044909769161052,-122.1218810071739256,50.2752786574520201,32,45,9,4
15563500,47.7044909746598407,-122.1218809829852745,50.2718472363378979,32,45,9,4
15563600,47.7044909757047435,-122.1218809843077224,50.2728783467367961,33,46,9,4
15563700,47.7044909795268595,-122.1218809901633051,50.2727938443553555,33,46,9,4
15563800,47.7044909944031019,-122.1218809950717912,50.2735776632341214,33,47,9,4
15563900,47.7044910003672129,-122.1218809927377151,50.2726698811129751,34,47,9,4
15564000,47.7044909838430016,-122.1218809810830663,50.2708221838850520,34,48,9,4
15564100,47.7044910070721144,-122.1218809896605677,50.2738655305258177,34,48,9,4
15564200,47.7044910104349711,-122.1218809905593758,50.2725593356254024,35,48,9,4
15564300,47.7044909913578650,-122.1218809795763747,50.2696933951523803,35,49,9,4
15564400,47.7044910265560773,-122.1218809940605752,50.2732123336210748,35,49,9,4
15564500,47.7044910475102455,-122.1218810040976877,50.2772439518133467,36,50,9,4
15564600,47.7044910413530587,-122.1218809884203012,50.2738666297957693,36,50,9,4
15564700,47.7044910301827585,-122.1218809795900739,50.2720574192928709,36,51,9,4
15564800,47.7044910403754159,-122.1218809791056543,50.2712933307817309,37,51,9,4
15564900,47.7044910472270303,-122.1218809816386965,50.2714565825327355,37,51,9,4
15565000,47.7044910341193216,-122.1218809771438600,50.2715392354256139,37,52,9,4
15565100,47.7044910439224594,-122.1218809788079511,50.2732985241500998,38,52,9,4
15565200,47.7044910290389339,-122.1218809833993504,50.2673663783214195,38,53,9,4
15565300,47.7044910412534051,-122.1218809850949754,50.2686722467253304,38,53,9,4
15565400,47.7044910492536474,-122.1218809798781706,50.2696515613360759,39,53,9,4
15565500,47.7044910517519227,-122.1218809750837551,50.2696755571691654,39,54,9,4
15565600,47.7044910437275718,-122.1218809749435650,50.2664933670183203,39,54,9,4
15565700,47.7044910593814322,-122.1218809729371344,50.2701438392263711,39,55,9,4
15565800,47.7044911058835623,-122.1218810100038610,50.2765439018705251,34,47,9,4
15571300,47.7044909368799352,-122.1218810523735812,50.2764645700595239,32,46,10,4
15571400,47.7044909465657128,-122.1218810504831538,50.2755241116188998,32,46,10,4
15571500,47.7044910014605961,-122.1218810558624170,50.2815411985058702,33,45,10,4
15571600,47.7044909837237014,-122.1218810527814469,50.2805634316213457,33,46,10,4
15571700,47.7044909930262548,-122.1218810415494431,50.2817661827499194,31,43,10,4
15571800,47.7044909605527252,-122.1218810253659086,50.2757872683066864,30,42,10,4
15571900,47.7044909759112841,-122.1218810275827593,50.2789997779730200,30,42,10,4
15572000,47.7044909630642735,-122.1218810345108636,50.2770108320950229,30,42,10,4
15572100,47.7044909453653005,-122.1218810238922003,50.2727462647823202,30,42,10,4
15572200,47.7044909632582801,-122.1218810219727686,50.2761569712283389,30,42,10,4
15572300,47.7044909360417435,-122.1218810180630214,50.2741225778298428,30,42,10,4
15572400,47.7044909438003799,-122.1218810252777729,50.2768805211465235,30,42,10,4
15572500,47.7044909217402875,-122.1218810143396354,50.2732378130662596,30,42,10,4
15572600,47.7044909482511628,-122.1218810217437607,50.2761321194590707,30,43,10,4
15572700,47.7044909231708729,-122.1218810170561824,50.2737312868052086,30,43,10,4
15572800,47.7044909473374545,-122.1218810273568351,50.2800329961328103,30,43,10,4
15572900,47.7044909031136299,-122.1218810087451772,50.2723583974811419,30,43,10,4
15573000,47.7044909276804177,-122.1218810149544822,50.2750439827891427,37,52,9,4
15573100,47.7044909137713802,-122.1218810087539453,50.2747485932692868,38,52,9,4
15573200,47.7044909146516858,-122.1218810152581540,50.2742736206731351,38,53,9,4
15573300,47.7044908987202660,-122.1218810088786029,50.2742971443748843,38,53,10,4
15573400,47.7044908965276164,-122.1218810038786131,50.2723877924263007,39,53,10,4
15573500,47.7044909700395436,-122.1218810409300488,50.2833730034733577,33,45,10,4
15573600,47.7044909549764782,-122.1218810236182009,50.2819935902653583,33,46,10,4
15573700,47.7044909365559917,-122.1218810193036433,50.2807772815042995,33,46,10,4
15573800,47.7044909517779274,-122.1218810281985441,50.2834560807345738,34,47,10,4
15573900,47.7044909585960681,-122.1218810278762845,50.2845651677971404,34,47,10,4
15574000,47.7044909254384208,-122.1218810094413101,50.2799284693952728,34,48,10,4
15574100,47.7044909077531614,-122.1218810077339612,50.2790003490645958,35,48,10,4
15574200,47.7044909342739700,-122.1218810208632135,50.2818907122936025,35,49,10,4
15574300,47.7044909182234704,-122.1218810132519366,50.2800252105407566,35,49,10,4
15574400,47.7044909114424556,-122.1218809999160015,50.2789321772678903,36,49,10,4
15574500,47.7044909277158169,-122.1218810190688373,50.2839386855700496,36,50,10,4
15574600,47.7044909099257737,-122.1218810125918139,50.2819354634418403,36,50,10,4
15574700,47.7044909176817740,-122.1218810227874911,50.2854301533192825,33,47,10,4
15574800,47.7044909163443549,-122.1218810006938611,50.2836564998523343,32,46,10,4
15574900,47.7044909066833682,-122.1218810092724283,50.2819701075981342,32,45,10,4
15575000,47.7044909323747390,-122.1218810239627288,50.2873514053928474,32,45,10,4
15575100,47.7044908960441560,-122.1218810082350075,50.2848143424004306,32,45,10,4
15575200,47.7044908766814473,-122.1218809866435748,50.2794827030623281,32,45,10,4
15575300,47.7044909302015938,-122.1218810192615365,50.2876072042952131,32,45,10,4
15575400,47.7044909481752697,-122.1218810276180164,50.2910705594777312,32,45,10,4
15575500,47.7044910061231988,-122.1218810367854530,50.2917967118104201,33,45,10,4
15575600,47.7044910077376230,-122.1218810415782343,50.2913595995013907,33,46,10,4
15575700,47.7044910242853391,-122.1218810472455800,50.2953996378561357,31,43,10,4
15575800,47.7044910164783005,-122.1218810442688607,50.2927552253771353,30,42,10,4
15575900,47.7044910153948223,-122.1218810474113070,50.2944423971388517,34,47,9,4
15576000,47.7044910290274444,-122.1218810452124899,50.2932694916347316,34,48,9,4
15576100,47.7044910259658508,-122.1218810463909819,50.2940043234113716,35,48,9,4
15576200,47.7044910309371062,-122.1218810529998393,50.2944340644071701,35,49,10,4
15576300,47.7044910305209839,-122.1218810494242888,50.2960644368169199,35,49,10,4
15576400,47.7044910473473465,-122.1218810558284957,50.2964408207948210,36,49,10,4
15576500,47.7044910508130968,-122.1218810658595686,50.2964486851099508,36,50,9,4
15576600,47.7044910477141428,-122.1218810400517754,50.2937771563939151,36,50,9,4
15576700,47.7044910499926686,-122.1218810531737091,50.2967325736597957,37,51,9,4
15576800,47.7044910573388492,-122.1218810497298506,50.2954693545412965,37,51,10,4
15576900,47.7044910530712869,-122.1218810459296691,50.2946555680190102,37,52,10,4
15577000,47.7044910323807443,-122.1218810418458389,50.2920055459991531,37,52,10,4
15577100,47.7044910515174791,-122.1218810284150891,50.2934313243754190,38,52,10,4
15577200,47.7044910503800068,-122.1218810549821399,50.2936323729616390,38,53,10,4
15577300,47.7044910466362779,-122.1218810490128277,50.2919329407152773,38,53,10,4
15577400,47.7044911589609484,-122.1218810510627577,50.2951899029983167,32,45,10,4
15577500,47.7044911485691188,-122.1218810386283451,50.2933929469832322,33,45,10,4
15577600,47.7044911589111180,-122.1218810570050266,50.2934642919634953,33,46,10,4
15577700,47.7044911348510681,-122.1218810226581866,50.2888744986698129,33,46,10,4
15577800,47.7044911565393335,-122.1218810369241794,50.2892897065349089,34,47,10,4
15577900,47.7044911642124561,-122.1218810416409610,50.2907480737622450,34,47,10,4
15578000,47.7044911495613562,-122.1218810327751072,50.2897149836636430,34,48,10,4
15578100,47.7044911523979209,-122.1218810356109827,50.2912917800114059,35,48,10,4
15578200,47.7044911644422882,-122.1218810394452134,50.2891718943475894,32,45,10,4
15578300,47.7044911552329793,-122.1218810350058703,50.2897404259330187,31,44,10,4
15578400,47.7044911648500616,-122.1218810400246326,50.2907550416468681,31,44,10,4
15578500,47.7044911947425661,-122.1218810556478189,50.2930435170027366,31,44,10,4
15578600,47.7044911715066107,-122.1218810442488092,50.2878275437231821,31,44,10,4
15578700,47.7044911656377835,-122.1218810337016407,50.2896687145008414,31,44,10,4
15578800,47.7044911817213588,-122.1218810484234325,50.2922759999777753,31,44,10,4
15578900,47.7044911671430398,-122.1218810503073939,50.2895379048475348,31,44,10,4
15579000,47.7044911850800091,-122.1218810427377406,50.2914911788608734,31,44,10,4
15579100,47.7044911675582597,-122.1218810347693022,50.2889410958071750,31,44,10,4
15579200,47.7044911937333751,-122.1218810403422026,50.2937521507739973,31,44,10,4
15579300,47.7044911578379498,-122.1218810323013315,50.2881477771923997,31,44,10,4
15579400,47.7044911427638354,-122.1218810594725284,50.2888995045983336,32,45,10,4
15579500,47.7044911443812012,-122.1218810564423762,50.2900321473536493,33,45,10,4
15579600,47.7044911378726724,-122.1218810551368961,50.2923236329966699,30,43,10,4
15579700,47.7044911099061295,-122.1218810436078144,50.2855446257707541,30,42,10,4
15579800,47.7044911337249786,-122.1218810574495848,50.2902397506505636,29,42,10,4
15579900,47.7044911062607113,-122.1218810453644039,50.2865441112614349,29,41,10,4
15580000,47.7044911259713373,-122.1218810471763021,50.2891390575809254,29,41,10,4
15580100,47.7044911159831670,-122.1218810227861695,50.2857241290625865,29,42,10,4
15580200,47.7044911046016153,-122.1218810392630303,50.2859876953608307,29,42,10,4
15580300,47.7044911185443823,-122.1218810448935557,50.2898389084633166,29,42,10,4
15580400,47.7044911356388042,-122.1218810488581710,50.2913266076387373,30,42,10,4
15580500,47.7044911217111860,-122.1218810430909656,50.2888630871427083,30,42,10,4
15580600,47.7044911166728767,-122.1218810424971934,50.2911351818670340,30,42,10,4
15580700,47.7044911402107772,-122.1218810482412920,50.2948247862524909,30,43,10,4
15580800,47.7044911110342440,-122.1218810501143679,50.2920986632963363,30,43,10,4
15580900,47.7044910957042347,-122.1218810392739158,50.2891458065218302,30,43,10,4
15581000,47.7044910975804655,-122.1218810478764709,50.2904717765851785,30,43,10,4
15581100,47.7044911050400771,-122.1218810529096430,50.2918992995367446,30,43,10,4
15581200,47.7044911041195050,-122.1218810391313809,50.2925719681080992,30,43,10,4
15581300,47.7044910795057149,-122.1218810394042720,50.2873698306653409,31,44,10,4
15581400,47.7044910849220827,-122.1218810312181517,50.2892984987534817,31,44,10,4
15581500,47.7044910897076306,-122.1218810315913004,50.2896021641363049,31,44,10,4
15581600,47.7044910427549240,-122.1218810310688525,50.2915531433212593,28,40,10,4
15581700,47.7044910264216568,-122.1218810312426797,50.2895993043300678,27,39,10,4
15581800,47.7044910324952909,-122.1218810376105353,50.2895308395953649,28,39,10,4
15581900,47.7044910181725612,-122.1218810236298111,50.2885897736768683,28,40,10,4
15582000,47.7044909981353200,-122.1218810068187679,50.2852006027898071,28,40,10,4
15582100,47.7044910169679071,-122.1218810283450722,50.2886745468123735,28,40,10,4
15582200,47.7044910153853152,-122.1218810290215657,50.2881768955567949,28,40,10,4
15582300,47.7044909780264845,-122.1218810036866671,50.2838464896487380,28,41,10,4
15582400,47.7044909916736302,-122.1218810015583927,50.2836749752525733,29,41,10,4
15582500,47.7044910025170807,-122.1218810019363872,50.2863536221907381,29,41,10,4
15582600,47.7044910142729677,-122.1218810055656832,50.2867334024498760,29,41,10,4
15582700,47.7044909449926990,-122.1218809696693341,50.2769364429672905,29,41,10,4
15582800,47.7044909455752943,-122.1218809753052739,50.2780725720247688,29,42,10,4
15582900,47.7044909682786269,-122.1218809919495243,50.2816540332996382,29,42,10,4
15583000,47.7044909525263989,-122.1218809790057662,50.2789750765801102,29,42,10,4
15583100,47.7044909867454479,-122.1218809938498993,50.2841076760565358,29,42,10,4
15583200,47.7044909597423867,-122.1218809807864432,50.2792929666063984,30,42,10,4
15583300,47.7044909729232600,-122.1218809796440610,50.2816427765058052,30,43,10,4
15583400,47.7044910191723872,-122.1218809942887162,50.2787293469051377,27,38,10,4
15583500,47.7044910077428312,-122.1218809916462220,50.2785378431104562,26,38,10,4
15583600,47.7044910285321109,-122.1218809968488301,50.2790619146335871,27,38,10,4
15583700,47.7044910335008581,-122.1218809952242736,50.2813953597331533,27,38,10,4
15583800,47.7044910344713955,-122.1218809962163334,50.2804983739528453,27,39,10,4
15583900,47.7044910259970720,-122.1218810093373577,50.2791287798496072,27,39,10,4
15584000,47.7044909996355102,-122.1218809798087932,50.2748919139194967,27,39,10,4
15584100,47.7044910480497819,-122.1218810053726145,50.2815837012846671,27,39,10,4
15584200,47.7044910225493695,-122.1218809912058845,50.2779406694300732,28,40,10,4
15584300,47.7044910525708374,-122.1218809940677517,50.2836227196489176,28,40,10,4
15584400,47.7044910300128393,-122.1218809891488775,50.2804228466335985,28,40,10,4
15584500,47.7044910110976659,-122.1218809877513536,50.2779061788746660,28,40,10,4
15584600,47.7044910301707077,-122.1218809888505916,50.2806469104996339,28,40,10,4
15584700,47.7044910208652126,-122.1218809927372604,50.2805032073239175,28,41,10,4
15584800,47.7044910220030332,-122.1218809969798968,50.2818373331855568,28,41,10,4
15584900,47.7044910235300605,-122.1218809973346708,50.2811590947809535,28,41,10,4
15585000,47.7044909750055766,-122.1218809627843171,50.2729914940410936,29,41,10,4
15585100,47.7044910066577899,-122.1218810034556270,50.2817608162029615,29,41,10,4
15585200,47.7044909647428312,-122.1218809615907048,50.2732679557698035,29,41,10,4
15585300,47.7044909929567993,-122.1218809788012436,50.2775612400413436,29,42,10,4
15585400,47.7044909435550437,-122.1218809481399319,50.2714052646985223,29,42,10,4
15585500,47.7044909785832445,-122.1218809711974274,50.2753397641947970,29,42,10,4
15585600,47.7044909862965767,-122.1218809672205055,50.2780734174181987,29,42,10,4
15585700,47.7044910108378915,-122.1218809850296765,50.2799943714903108,27,39,10,4
15585800,47.7044909929922127,-122.1218809805268535,50.2758125294120362,26,38,10,4
15585900,47.7044910425861985,-122.1218810010387159,50.2856406300393459,26,38,10,4
15586000,47.7044910000596261,-122.1218809924329918,50.2791992030688775,27,38,10,4
15586100,47.7044909900787601,-122.1218809871645163,50.2778587337904526,27,38,10,4
15586200,47.7044910061936349,-122.1218809906734180,50.2805607326016570,27,39,10,4
15586300,47.7044909934918095,-122.1218809929977880,50.2790524930326512,27,39,10,4
15586400,47.7044909859914483,-122.1218809737462436,50.2771382347432478,27,39,10,4
15586500,47.7044909975622105,-122.1218809760899831,50.2798501539928679,27,39,10,4
15586600,47.7044909988278718,-122.1218809823802616,50.2770071461824912,27,39,10,4
15586700,47.7044910143702907,-122.1218809857377039,50.2791397734265644,27,40,10,4
15586800,47.7044909644897075,-122.1218809676268080,50.2700848804098754,27,40,10,4
15586900,47.7044909857010495,-122.1218809806947974,50.2748885796178797,28,40,10,4
15587000,47.7044909919999327,-122.1218809763317523,50.2750479359762750,28,40,10,4
15587100,47.7044909794086038,-122.1218809754347916,50.2720384261781206,28,40,10,4
15587200,47.7044909760685343,-122.1218809713116684,50.2695076583730511,28,40,10,4
15587300,47.7044909861730204,-122.1218809826889498,50.2727256845629640,28,41,10,4
15587400,47.7044909820096095,-122.1218809737315922,50.2706055544984594,28,41,10,4
15587500,47.7044909846137841,-122.1218809816634803,50.2746711021213883,26,37,10,4
15587600,47.7044909996176187,-122.1218809928013798,50.2723493082227293,25,36,10,4
15587700,47.7044909471316601,-122.1218809609229652,50.2647056490345818,25,37,10,4
15587800,47.7044909875259577,-122.1218809818606985,50.2697594257835831,25,37,10,4
15587900,47.7044909985770502,-122.1218809924427688,50.2706676513507489,26,37,10,4
15588000,47.7044910120042189,-122.1218809914355745,50.2709525033117686,26,37,10,4
15588100,47.7044909767266248,-122.1218809866218749,50.2660326166782525,26,37,10,4
15588200,47.7044909821679823,-122.1218809829119181,50.2651389783111071,26,38,10,4
15588300,47.7044910049669681,-122.1218809845667437,50.2675158497482144,26,38,10,4
15588400,47.7044910098015933,-122.1218809784600268,50.2666052808768598,26,38,10,4
15588500,47.7044909892850981,-122.1218809727129013,50.2626199546845811,26,38,10,4
15588600,47.7044910313910151,-122.1218809896471811,50.2682920973610621,26,39,10,4
15588700,47.7044910023923592,-122.1218809749023961,50.2646363100952343,27,39,10,4
15588800,47.7044910283380048,-122.1218809796997391,50.2654518843498366,27,39,10,4
15588900,47.7044909703169040,-122.1218809585812579,50.2584327508195088,27,39,10,4
15589000,47.7044909903834480,-122.1218809581080365,50.2598057545028070,27,39,10,4
15589100,47.7044909933998582,-122.1218809660143449,50.2602371610354908,27,40,10,4
15589200,47.7044909888647268,-122.1218809624216419,50.2604039762515171,27,40,10,4
15589300,47.7044909957663137,-122.1218809650167145,50.2596297061586341,27,40,10,4
15589400,47.7044910626506606,-122.1218810172916278,50.2711298859714262,25,36,10,4
15589500,47.7044910727193070,-122.1218810303141851,50.2748054552878472,25,36,10,4
15589600,47.7044910244637208,-122.1218809971499439,50.2678513726130873,25,36,10,4
15589700,47.7044909861784561,-122.1218809739466451,50.2616792683440607,25,36,10,4
15589800,47.7044910503220265,-122.1218810142286060,50.2714992007616317,25,37,10,4
15589900,47.7044910356585135,-122.1218809949483273,50.2717731941501000,25,37,10,4
15590000,47.7044910385988032,-122.1218809849764284,50.2698585308637007,26,37,10,4
15590100,47.7044910278905974,-122.1218809775882050,50.2657402426788167,26,37,10,4
15590200,47.7044910527320880,-122.1218809975721911,50.2730631766294707,26,38,10,4
15590300,47.7044909535405921,-122.1218809429216066,50.2546846573127439,26,38,10,4
15590400,47.7044910113118448,-122.1218809660329470,50.2647902139586691,26,38,10,4
15590500,47.7044910446696804,-122.1218809682961961,50.2692286640275157,26,38,10,4
15590600,47.7044910190408160,-122.1218809590197623,50.2647158192492753,26,38,10,4
15590700,47.7044910140073029,-122.1218809470810811,50.2651957746757674,27,39,10,4
15590800,47.7044910209983897,-122.1218809556419131,50.2653120322306890,27,39,10,4
15590900,47.7044910110286651,-122.1218809385445780,50.2651906332217635,27,39,10,4
15591000,47.7044910266494853,-122.1218809430876604,50.2678598366120397,27,39,10,4
15591100,47.7044910136231053,-122.1218809437358033,50.2649083002104931,27,40,10,4
15591200,47.7044910073982678,-122.1218809337625970,50.2645778967051342,27,40,10,4
15591300,47.7044910199012406,-122.1218809325948058,50.2643555761770884,27,40,10,4
15591400,47.7044910270102065,-122.1218809404240062,50.2783157318953329,25,36,10,4
15591500,47.7044911176362447,-122.1218809845635462,50.2919171048540292,33,46,9,4
15591600,47.7044911021333036,-122.1218809794220306,50.2897790450935176,33,46,9,4
15591700,47.7044911137512955,-122.1218809777329284,50.2894683634343949,33,47,9,4
15591800,47.7044911106254972,-122.1218809594833630,50.2909904272984321,34,47,10,4
15591900,47.7044911459899268,-122.1218809801133602,50.2945056652321796,34,47,10,4
15592000,47.7044911215073171,-122.1218809605989009,50.2905660116373028,34,48,10,4
15592100,47.7044911203098820,-122.1218809505885474,50.2897276275090590,35,48,10,4
15592200,47.7044911064862589,-122.1218809488568979,50.2869454540361644,35,49,10,4
15592300,47.7044911162724858,-122.1218809511424297,50.2893634800628533,35,49,10,4
15592400,47.7044911130101141,-122.1218809400778582,50.2894842471358956,36,50,10,4
15592500,47.7044911075744338,-122.1218809285875153,50.2864586451952817,36,50,10,4
15592600,47.7044911118451154,-122.1218809152794620,50.2849421622077841,36,50,10,4
15592700,47.7044911264939984,-122.1218809227860476,50.2877424953286578,37,51,10,4
15592800,47.7044911214838478,-122.1218809204681151,50.2863558761472831,37,51,10,4
15592900,47.7044911055511207,-122.1218808992504847,50.2813387758166073,37,52,10,4
15593000,47.7044910815794694,-122.1218808797456887,50.2778894194790382,34,48,10,4
15593100,47.7044910965432152,-122.1218808873466344,50.2797557043188093,33,47,10,4
15593200,47.7044910949325782,-122.1218808901800514,50.2780329825980274,33,46,10,4
15593300,47.7044911055956504,-122.1218808913792486,50.2821293118785348,33,46,10,4
15593400,47.7044911513089858,-122.1218809666809904,50.2858415762145654,32,45,10,4
15593500,47.7044911333668082,-122.1218809509386887,50.2828319229797387,33,46,10,4
15593600,47.7044911164293026,-122.1218809330329123,50.2791656191790182,30,43,10,4
15593700,47.7044911359552302,-122.1218809391513815,50.2817052134984976,30,42,10,4
15593800,47.7044911439890598,-122.1218809425709111,50.2827534620320264,30,42,10,4
15593900,47.7044911244294951,-122.1218809278108921,50.2785258752828952,29,42,10,4
15594000,47.7044911278889288,-122.1218809117593764,50.2793286293672068,29,42,10,4
15594100,47.7044911166664107,-122.1218809031287691,50.2759950956740624,30,42,10,4
15594200,47.7044911114000101,-122.1218809025505720,50.2742320809493535,30,42,10,4
15594300,47.7044911167236876,-122.1218809083189001,50.2785966299447580,30,42,10,4
15594400,47.7044911197735289,-122.1218808991306304,50.2753893704873818,30,42,10,4
15594500,47.7044910897631596,-122.1218808794872785,50.2714874426802183,30,43,10,4
15594600,47.7044911098224063,-122.1218808871574737,50.2728831120345205,30,43,10,4
15594700,47.7044910884172566,-122.1218808774306552,50.2707025006976735,30,43,10,4
15594800,47.7044911192614194,-122.1218808875114803,50.2754903398452129,30,43,10,4
15594900,47.7044911217525254,-122.1218808898239985,50.2752976113054473,30,43,10,4
15595000,47.7044911004256065,-122.1218808720872744,50.2724327960452300,30,43,10,4
15595100,47.7044911156560545,-122.1218808725954403,50.2744696143968355,31,44,10,4
15595200,47.7044910881992621,-122.1218808581221396,50.2692603419832125,31,44,10,4
15595300,47.7044910599906586,-122.1218808485729710,50.2642460025542164,31,44,10,4
15595400,47.7044910806133373,-122.1218808563668290,50.2679937243869901,31,44,10,4
15595500,47.7044910704493503,-122.1218809286559264,50.2741259587043032,28,40,10,4
15595600,47.7044910553424160,-122.1218809227907087,50.2729377191111126,28,39,10,4
15595700,47.7044910804332432,-122.1218809440666320,50.2779391587633455,28,40,10,4
15595800,47.7044910809778315,-122.1218809426424627,50.2766018088875413,28,40,10,4
15595900,47.7044910471359813,-122.1218809239669554,50.2727266287773560,28,40,10,4
15596000,47.7044910695978359,-122.1218809262216354,50.2749882592575474,28,40,10,4
15596100,47.7044910613775954,-122.1218809270795447,50.2737914774857728,35,48,9,4
15596200,47.7044910567100970,-122.1218809273770205,50.2731595588468210,35,49,9,4
15596300,47.7044910485288014,-122.1218809181283689,50.2710450124240609,35,49,9,4
15596400,47.7044910438729417,-122.1218809241832020,50.2707903791727091,36,50,10,4
15596500,47.7044910606133286,-122.1218809307299296,50.2745721053679944,36,50,10,4
15596600,47.7044910261969690,-122.1218809062343666,50.2663751887082029,36,51,10,4
15596700,47.7044910339341754,-122.1218809236550555,50.2688076066408698,37,51,10,4
15596800,47.7044910462463889,-122.1218809283856359,50.2696094474405868,37,51,10,4
15596900,47.7044910320242863,-122.1218809155980694,50.2676085813891902,37,52,10,4
15597000,47.7044910458871030,-122.1218809317681462,50.2689880818145696,38,52,10,4
15597100,47.7044910304433998,-122.1218809302159514,50.2666163842559186,38,53,10,4
15597200,47.7044910320337436,-122.1218809168790926,50.2672887999438416,38,53,10,4
15597300,47.7044910070962160,-122.1218809227923288,50.2634122519354207,38,53,10,4
15597400,47.7044910618408124,-122.1218810133850354,50.2810959450370021,32,45,10,4
15597500,47.7044910605464167,-122.1218810114745139,50.2810785882534148,33,46,10,4
15597600,47.7044910413048626,-122.1218810129053338,50.2790070055997020,33,46,10,4
15597700,47.7044910546226504,-122.1218810106609851,50.2798102745725259,33,47,10,4
15597800,47.7044910651893446,-122.1218810187720578,50.2818938961310238,31,44,10,4
15597900,47.7044910340993980,-122.1218810021212136,50.2784933112516583,30,43,10,4
15598000,47.7044910293766122,-122.1218810133788821,50.2781443214688153,30,43,10,4
15598100,47.7044910474198431,-122.1218810104023191,50.2788871087978393,30,43,10,4
15598200,47.7044910290925159,-122.1218810084847206,50.2775248806455863,30,43,10,4
15598300,47.7044910430657509,-122.1218810213267005,50.2801719488728907,30,43,10,4
15598400,47.7044910213631539,-122.1218809973846930,50.2776659565942552,30,43,10,4
15598500,47.7044910255445842,-122.1218810081164889,50.2761118287675330,30,43,10,4
15598600,47.7044910059979230,-122.1218809846598532,50.2746649647003352,30,43,10,4
15598700,47.7044910180956734,-122.1218809981972555,50.2778019039172861,30,43,10,4
15598800,47.7044909950527440,-122.1218809954864071,50.2729471486532091,31,43,10,4
15598900,47.7044909899844711,-122.1218809960776639,50.2737684710032937,31,44,10,4
15599000,47.7044910383254575,-122.1218810158133294,50.2806690632616622,31,44,10,4
15599100,47.7044909689750583,-122.1218809783977122,50.2684111625186034,31,44,10,4
15599200,47.7044909871756246,-122.1218809944103612,50.2721260488120834,31,44,10,4
15599300,47.7044909781731405,-122.1218809892431523,50.2727912268922879,31,44,10,4
15599400,47.7044910849813206,-122.1218810601021687,50.2837600608271842,32,45,10,4
15599500,47.7044910719835471,-122.1218810486839033,50.2826909117158891,33,46,10,4
15599600,47.7044910590401443,-122.1218810420889298,50.2809686948552681,30,43,10,4
15599700,47.7044910498765020,-122.1218810373664496,50.2813249688358397,30,42,10,4
15599800,47.7044910556619115,-122.1218810434617694,50.2818260375575079,29,42,10,4
15599900,47.7044910490604082,-122.1218810347664885,50.2820847469053120,29,42,10,4
15600000,47.7044910717105495,-122.1218810423036416,50.2849942966115790,29,42,10,4
15600100,47.7044910456925777,-122.1218810339323113,50.2814810969804284,29,42,10,4
15600200,47.7044910387459282,-122.1218810169674924,50.2794661338962641,29,42,10,4
15600300,47.7044910104289528,-122.1218810135745514,50.2759218651313802,29,42,10,4
15600400,47.7044910538911751,-122.1218810267113923,50.2813353080606689,30,42,10,4
15600500,47.7044910337488162,-122.1218810251913425,50.2771892861273244,30,42,10,4
15600600,47.7044910269133169,-122.1218810163324946,50.2772050106535460,30,42,10,4
15600700,47.7044910193536111,-122.1218810093017879,50.2744722861671107,30,43,10,4
15600800,47.7044910353427483,-122.1218810173316029,50.2772722607538398,30,43,10,4
15600900,47.7044910244324782,-122.1218810086409547,50.2755738643806964,30,43,10,4
15601000,47.7044910186736786,-122.1218809993874999,50.2732292173931157,30,43,10,4
15601100,47.7044910185675164,-122.1218810059080369,50.2749651973854697,30,43,10,4
15601200,47.7044909813009568,-122.1218809854986205,50.2684207726482200,30,43,10,4
15601300,47.7044909934399612,-122.1218809943616037,50.2708527752514698,31,44,10,4
15601400,47.7044910042161092,-122.1218809891024790,50.2711029631957516,31,44,10,4
15601500,47.7044910620129201,-122.1218809893585444,50.2797832348765894,28,39,10,4
15601600,47.7044910771384494,-122.1218810043608585,50.2810743056182545,27,39,10,4
15601700,47.7044910367431214,-122.1218809864659676,50.2730159628939148,27,39,10,4
15601800,47.7044910515784935,-122.1218809901778002,50.2772887600936897,28,39,10,4
15601900,47.7044910469636037,-122.1218809764356763,50.2754323359401951,28,40,10,4
15602000,47.7044910333549410,-122.1218809674897869,50.2718343707449336,28,40,10,4
15602100,47.7044910715292687,-122.1218809906468010,50.2793752108136403,28,40,10,4
15602200,47.7044910614758209,-122.1218809855486285,50.2773249812631278,28,40,10,4
15602300,47.7044910487715867,-122.1218809787476545,50.2746549177142441,28,41,10,4
15602400,47.7044910590428159,-122.1218809938368111,50.2763943655687555,29,41,10,4
15602500,47.7044910490404774,-122.1218809843393274,50.2756886424995741,29,41,10,4
15602600,47.7044910541846363,-122.1218809779698660,50.2750702544914105,29,41,10,4
15602700,47.7044910851941424,-122.1218809947698674,50.2796509889831000,29,41,10,4
15602800,47.7044910182818924,-122.1218809636017824,50.2708779586456487,29,42,10,4
15602900,47.7044910357304701,-122.1218809625641342,50.2708255360814249,29,42,10,4
15603000,47.7044910643441540,-122.1218809817583946,50.2751418693655197,29,42,10,4
15603100,47.7044910435311778,-122.1218809747940526,50.2702293116002963,29,42,10,4
15603200,47.7044910552788224,-122.1218809748826715,50.2748661265576331,30,42,10,4
15603300,47.7044909993156878,-122.1218809480578216,50.2654647088770759,30,43,10,4
15603400,47.7044910146014729,-122.1218809683548727,50.2677066714904441,30,43,10,4
15603500,47.7044910675079521,-122.1218810021277363,50.2771945375768539,27,39,10,4
15603600,47.7044910917868492,-122.1218810139183262,50.2789852248049911,27,38,10,4
15603700,47.7044910877543558,-122.1218810067609155,50.2803684322995466,27,38,10,4
15603800,47.7044910379530904,-122.1218809809646757,50.2709992675780555,27,39,10,4
15603900,47.7044910337176944,-122.1218809775298837,50.2731620287424974,27,39,10,4
15604000,47.7044910471304462,-122.1218809920691939,50.2745584271408390,27,39,10,4
15604100,47.7044910525440073,-122.1218809951559621,50.2749861583240687,27,39,10,4
15604200,47.7044910200696108,-122.1218809727637904,50.2691396019670620,27,40,10,4
15604300,47.7044910377105396,-122.1218809807888306,50.2726698792342930,28,40,10,4
15604400,47.7044910161417590,-122.1218809841139574,50.2711512951908759,28,40,10,4
15604500,47.7044910269097500,-122.1218809850037275,50.2708036183875038,28,40,10,4
15604600,47.7044910455515776,-122.1218810079102894,50.2766190991560507,28,40,10,4
15604700,47.7044910276165552,-122.1218809871629958,50.2742501317217219,28,41,10,4
15604800,47.7044910299947063,-122.1218809888879804,50.2756415503222200,28,41,10,4
15604900,47.7044910121892087,-122.1218809915229571,50.2738385579029767,28,41,10,4
15605000,47.7044910032996441,-122.1218809710346278,50.2698410670263698,28,41,10,4
15605100,47.7044910329032419,-122.1218809943504908,50.2753715926789582,29,41,10,4
15605200,47.7044910039210706,-122.1218809935148499,50.2742269966054351,29,41,10,4
15605300,47.7044910612605122,-122.1218810105716699,50.2833897266403369,39,54,10,4
15605400,47.7044910505191524,-122.1218810026175845,50.2829896375057004,32,45,10,4
15605500,47.7044910521027461,-122.1218809948959176,50.2834101998575775,33,46,10,4
15605600,47.7044910356462779,-122.1218810027953907,50.2817838907929655,33,46,10,4
15605700,47.7044910522936405,-122.1218810043504561,50.2844381627527426,33,47,10,4
15605800,47.7044910503503630,-122.1218809859926466,50.2821960151437537,34,47,10,4
15605900,47.7044910467906078,-122.1218809917051829,50.2838160834687926,34,48,10,4
15606000,47.7044910447488917,-122.1218810020783252,50.2828311564514507,32,45,10,4
15606100,47.7044910741929087,-122.1218810214516424,50.2876539650043597,31,44,10,4
15606200,47.7044910878691013,-122.1218810289177696,50.2899368667322761,31,43,10,4
15606300,47.7044910035789655,-122.1218809935739955,50.2791158935935982,31,43,10,4
15606400,47.7044910213663726,-122.1218809986909832,50.2782585692844251,31,43,10,4
15606500,47.7044910356296938,-122.1218810128906256,50.2813782027035927,31,43,10,4
15606600,47.7044910408751548,-122.1218810159063537,50.2832509883619352,31,43,10,4
15606700,47.7044910273023461,-122.1218810085920268,50.2810920128654146,31,44,10,4
15606800,47.7044910116570335,-122.1218810012140494,50.2790007599271220,31,44,10,4
15606900,47.7044910201956895,-122.1218810159279826,50.2792130629631089,31,44,10,4
15607000,47.7044910124004105,-122.1218810236376981,50.2809099109458941,31,44,10,4
15607100,47.7044910110324665,-122.1218810307595675,50.2813735303407014,31,44,10,4
15607200,47.7044910017967823,-122.1218810227488518,50.2795380376917080,31,44,10,4
15607300,47.7044910167229403,-122.1218810285279091,50.2815752953070643,39,54,10,4
15607400,47.7044910446959420,-122.1218810239489159,50.2818152753187704,32,45,10,4
15607500,47.7044910424868078,-122.1218810401941397,50.2811155669195458,33,46,10,4
15607600,47.7044910585041890,-122.1218810490553892,50.2833612087643615,33,46,10,4
15607700,47.7044910667280178,-122.1218810508215142,50.2852799949817424,33,47,10,4
15607800,47.7044910701667817,-122.1218810553972958,50.2866208255256169,34,47,10,4
15607900,47.7044910500456609,-122.1218810459053401,50.2842777928345441,31,44,10,4
15608000,47.7044910865825358,-122.1218810789963953,50.2878818936341148,31,43,10,4
15608100,47.7044910664454136,-122.1218810579632645,50.2839816545839113,30,43,10,4
15608200,47.7044910537128075,-122.1218810503892485,50.2832984365601661,30,43,10,4
15608300,47.7044910860282485,-122.1218810726908401,50.2892501427169805,30,43,10,4
15608400,47.7044910714376300,-122.1218810697094312,50.2885045943378586,30,43,10,4
15608500,47.7044910575605883,-122.1218810699295290,50.2847215450111591,30,43,10,4
15608600,47.7044910594774052,-122.1218810680353926,50.2866109907451104,36,51,10,4
15608700,47.7044910586701079,-122.1218810800409358,50.2884120366751972,37,51,10,4
15608800,47.7044910445019994,-122.1218810758290516,50.2862752524192800,37,52,10,4
15608900,47.7044910706059895,-122.1218810750239925,50.2904231129268098,37,52,10,4
15609000,47.7044910448189583,-122.1218810732692077,50.2894745262588643,38,52,10,4
15609100,47.7044910318579696,-122.1218810652828068,50.2861057519945547,38,53,10,4
15609200,47.7044910594010929,-122.1218810844162732,50.2910354394235597,35,49,10,4
15609300,47.7044910605250081,-122.1218810905159131,50.2916266821293618,34,48,10,4
15609400,47.7044910646115738,-122.1218810705181141,50.2893431029464182,32,45,10,4
15609500,47.7044910909139475,-122.1218810842647713,50.2936545185169734,33,46,10,4
15609600,47.7044911001244287,-122.1218810860360549,50.2947679515978194,31,43,10,4
15609700,47.7044911028211658,-122.1218810959446301,50.2968100271538461,30,42,10,4
15609800,47.7044910614567925,-122.1218810944355937,50.2929571030079288,30,42,10,4
15609900,47.7044911021473226,-122.1218810866484858,50.2972744338091502,30,42,10,4
15610000,47.7044910696937876,-122.1218810771843977,50.2939317085983220,30,42,10,4
15610100,47.7044910537753850,-122.1218810663666403,50.2896997393211009,30,42,10,4
15610200,47.7044910697862932,-122.1218810732714530,50.2926767709641140,30,42,10,4
15610300,47.7044910685202481,-122.1218810783323505,50.2925452591915487,30,42,10,4
15610400,47.7044911157878104,-122.1218811057198792,50.3021094367795314,30,43,10,4
15610500,47.7044911226589292,-122.1218811060621050,50.3014827105193447,30,43,10,4
15610600,47.7044910872860584,-122.1218810776573633,50.2948983705581227,30,43,10,4
15610700,47.7044910913035309,-122.1218810783087321,50.2959954467570967,30,43,10,4
15610800,47.7044910477250852,-122.1218810580458296,50.2907568618365488,30,43,10,4
15610900,47.7044910777603448,-122.1218810693422228,50.2936625238697772,30,43,10,4
15611000,47.7044910777525217,-122.1218810638043948,50.2919937995554847,31,44,10,4
15611100,47.7044911400701181,-122.1218811032171061,50.3046385321758720,31,44,10,4
15611200,47.7044911119962194,-122.1218810746864136,50.2983317219553072,31,44,10,4
15611300,47.7044910911380668,-122.1218810751730217,50.2964420544267199,31,44,10,4
15611400,47.7044911323960648,-122.1218810238218140,50.2946035599853687,28,39,10,4
15611500,47.7044911399092015,-122.1218810219537403,50.2947591780520398,27,39,10,4
15611600,47.7044911695708933,-122.1218810430434871,50.3003912797596087,28,39,10,4
15611700,47.7044911491204076,-122.1218810257266369,50.2957994392256680,28,40,10,4
15611800,47.7044911257203523,-122.1218810092372138,50.2930485665145710,28,40,10,4
15611900,47.7044911163275103,-122.1218810032437005,50.2899340484988215,28,40,10,4
15612000,47.7044911508200897,-122.1218810226764617,50.2949819416260198,28,40,10,4
15612100,47.7044911456958616,-122.1218810170091160,50.2925265115267877,28,41,10,4
15612200,47.7044912330118223,-122.1218810607214351,50.3082121494553363,35,49,10,4
15612300,47.7044912416503379,-122.1218810620256221,50.3086508240788532,35,49,10,4
15612400,47.7044912487720580,-122.1218810558373065,50.3078534434746487,33,46,10,4
15612500,47.7044912220169408,-122.1218810359286806,50.3033021938464202,32,45,10,4
15612600,47.7044912810596102,-122.1218810628082423,50.3122185954420686,32,45,10,4
15612700,47.7044912464819433,-122.1218810601259861,50.3084338018394206,31,45,10,4
15612800,47.7044912594085631,-122.1218810536397967,50.3085579973323007,31,45,10,4
15612900,47.7044912538382277,-122.1218810544177842,50.3091864881759250,31,45,10,4
15613000,47.7044912281857307,-122.1218810265126393,50.3054729337167217,31,45,10,4
15613100,47.7044912496964528,-122.1218810506269250,50.3082406784588656,31,45,10,4
15613200,47.7044912572507087,-122.1218810473406648,50.3091726539726238,38,53,10,4
15613300,47.7044912766182279,-122.1218810691565295,50.3110917590998099,39,54,10,4
15613400,47.7044912578163860,-122.1218810493766256,50.3097116553852217,39,54,10,4
15613500,47.7044912444690326,-122.1218810522937304,50.3007075939479265,33,46,10,4
15613600,47.7044912343538670,-122.1218810467339893,50.3000051429829540,33,46,10,4
15613700,47.7044912374493038,-122.1218810448357885,50.2993730459195447,33,47,10,4
15613800,47.7044912379329560,-122.1218810460775046,50.3001415173708395,34,47,10,4
15613900,47.7044912393419835,-122.1218810460525646,50.3008638067600700,34,48,10,4
15614000,47.7044912503298377,-122.1218810550284957,50.3031510821423922,34,48,10,4
15614100,47.7044912292721150,-122.1218810464553002,50.2990915130556218,35,49,10,4
15614200,47.7044912508784975,-122.1218810618674553,50.3036986615281592,35,49,10,4
15614300,47.7044912537154318,-122.1218810562910022,50.3061901294745653,35,49,10,4
15614400,47.7044912337399936,-122.1218810595700290,50.3023235962666675,36,50,10,4
15614500,47.7044912289827465,-122.1218810523657368,50.3011569876294615,36,50,10,4
15614600,47.7044912231495672,-122.1218810599145144,50.3023794618327003,36,51,10,4
15614700,47.7044912368250849,-122.1218810726170432,50.3061792123223839,37,51,10,4
15614800,47.7044912299909001,-122.1218810698942150,50.3054342611959910,37,52,10,4
15614900,47.7044912122620133,-122.1218810575605289,50.3050298030820926,37,52,10,4
15615000,47.7044912015601810,-122.1218810628334239,50.3014992640513441,38,52,10,4
15615100,47.7044912183325920,-122.1218810717996490,50.3047589717043948,38,53,10,4
15615200,47.7044912166971287,-122.1218810777534571,50.3070206890410603,38,53,10,4
15615300,47.7044912002418684,-122.1218810681515237,50.3031979771972715,39,54,10,4
15615400,47.7044910442967449,-122.1218810467207874,50.2886573093287197,32,45,10,4
15615500,47.7044910323753655,-122.1218810522261577,50.2860153528813214,33,46,10,4
15615600,47.7044910392459443,-122.1218810465546341,50.2865791743151149,33,46,10,4
15615700,47.7044910295786622,-122.1218810591064283,50.2877754637191430,33,47,10,4
15615800,47.7044910340111983,-122.1218810523150324,50.2881851963297635,34,47,10,4
15615900,47.7044910251169370,-122.1218810532842838,50.2864523766401135,34,48,10,4
15616000,47.7044910476667567,-122.1218810682089213,50.2914736968437879,35,48,10,4
15616100,47.7044910348549536,-122.1218810691365206,50.2916112003116353,35,49,10,4
15616200,47.7044910159175970,-122.1218810632795737,50.2883254304511524,35,49,10,4
15616300,47.7044910143770551,-122.1218810621495408,50.2866722323659303,36,49,10,4
15616400,47.7044910049583279,-122.1218810698977251,50.2873316868615134,36,50,10,4
15616500,47.7044910000080193,-122.1218810651415652,50.2870695114691202,36,50,10,4
15616600,47.7044909784676179,-122.1218810731144515,50.2848320601827226,36,51,10,4
15616700,47.7044910004462892,-122.1218810809939441,50.2894687799751878,37,51,10,4
15616800,47.7044909940167443,-122.1218810733909379,50.2886389572575325,37,52,10,4
15616900,47.7044909861775679,-122.1218810780094088,50.2875048146579644,37,52,10,4
15617000,47.7044909666889225,-122.1218810595470785,50.2829912721170729,38,52,10,4
15617100,47.7044909910448922,-122.1218810753446320,50.2898623940469278,38,53,10,4
15617200,47.7044909882470947,-122.1218810824324095,50.2881978201014306,38,53,10,4
15617300,47.7044909944985349,-122.1218810804439272,50.2889959925781511,39,54,10,4
15617400,47.7044909625750293,-122.1218810845133902,50.2852643981452516,39,54,10,4
15617500,47.7044910254305847,-122.1218810575480376,50.2876354391692502,33,46,10,4
15617600,47.7044910201676871,-122.1218810581837602,50.2878278954522955,33,46,10,4
15617700,47.7044910457803297,-122.1218810809840676,50.2906678991475218,34,47,10,4
15617800,47.7044910392585209,-122.1218810708136004,50.2878530260389880,34,47,10,4
15617900,47.7044910451990063,-122.1218810715198089,50.2885854759537239,34,48,10,4
15618000,47.7044910494354397,-122.1218810803243429,50.2895983500028549,35,48,10,4
15618100,47.7044910675937999,-122.1218810930101313,50.2937854623031058,35,49,10,4
15618200,47.7044910623602902,-122.1218810901132201,50.2909906257319861,35,49,10,4
15618300,47.7044910782024942,-122.1218810947149507,50.2957650857961198,36,50,10,4
15618400,47.7044910569281484,-122.1218810895981761,50.2915405714795867,36,50,10,4
15618500,47.7044910693417847,-122.1218811031357347,50.2931121454639509,36,50,10,4
15618600,47.7044910644000026,-122.1218810912525754,50.2909849481989468,36,51,10,4
15618700,47.7044910560167850,-122.1218810720963290,50.2897938523457455,37,51,10,4
15618800,47.7044910939073716,-122.1218811055106244,50.2951813791461646,37,52,10,4
15618900,47.7044910717692758,-122.1218810914265163,50.2929850744334175,37,52,10,4
15619000,47.7044910738532835,-122.1218810959769741,50.2928899384252972,38,52,10,4
15619100,47.7044910761674714,-122.1218811000160542,50.2944288677638980,38,53,10,4
15619200,47.7044910853311492,-122.1218810941101935,50.2927752097839118,38,53,10,4
